-4038.0 -11714.9 -11.7 97 0 6.5 6.5 5.0 2.5 2 0 2 0 0
-4145.7 -11463.6 -11.2 327 0 11.9 25.5 10.0 2.5 2 1 4 2 2
-4163.1 -11437.9 -11.1 327 0 13.1 25.6 10.0 2.5 2 1 4 3 3
-4083.3 -11356.0 -11.1 9 0 13.7 23.3 12.5 2.5 2 1 5 1 1
-4162.6 -11249.5 -11.1 147 0 20.0 18.5 7.5 0.0 0 0 3 3 3
-4221.9 -11188.7 -11.0 134 0 10.1 13.0 5.0 2.5 2 1 2 4 4
-4234.9 -11171.0 -11.0 134 0 19.6 11.6 2.5 2.5 2 0 1 4 4
-4272.2 -11146.0 -11.0 135 0 15.3 14.4 2.5 2.5 2 0 1 5 5
-4291.3 -11127.9 -10.9 135 0 27.0 10.5 7.5 2.5 2 0 3 3 3
-4328.2 -11121.7 -10.8 315 0 10.9 16.7 5.0 2.5 4 1 2 2 2
-4365.6 -11084.5 -10.7 313 0 9.7 10.2 5.0 2.5 4 1 2 0 0
-4324.8 -11093.2 -10.8 136 0 12.9 7.5 2.5 2.5 2 0 1 3 3
-4339.8 -11080.7 -10.8 135 0 9.1 16.1 5.0 2.5 2 1 2 2 2
-4401.9 -11019.7 -10.6 134 0 15.9 20.0 10.0 2.5 2 1 4 1 1
-4442.9 -10975.7 -10.5 135 0 10.5 16.9 7.5 2.5 2 1 3 3 3
-4467.9 -10943.2 -10.5 124 0 14.3 9.7 7.5 2.5 2 0 3 1 1
-4475.1 -10976.0 -10.5 318 0 13.5 8.9 7.5 2.5 2 0 3 2 2
-4442.4 -11007.2 -10.6 313 0 8.7 9.4 2.5 2.5 2 1 1 2 2
-4416.9 -11032.8 -10.6 315 0 9.2 15.6 7.5 2.5 2 1 3 2 2
-4394.4 -11059.3 -10.7 314 0 13.2 9.0 7.5 2.5 2 0 3 2 2
-4488.7 -11341.1 -11.6 294 0 17.0 13.6 7.5 2.5 2 0 3 4 4
-4478.5 -11307.2 -11.4 148 0 8.0 15.6 5.0 2.5 2 1 2 5 5
-4525.4 -11239.8 -11.3 147 0 13.5 14.4 10.0 2.5 2 1 4 2 2
-4545.3 -11252.8 -11.5 326 0 17.1 13.5 5.0 2.5 2 0 2 4 4
-4531.2 -11272.6 -11.5 326 0 16.4 16.2 10.0 0.0 0 0 4 0 0
-4540.3 -11216.3 -11.3 148 0 18.6 13.2 2.5 0.0 0 0 1 4 4
-4560.4 -11228.9 -11.4 327 0 19.8 13.9 7.5 2.5 2 0 3 1 1
-4592.1 -11316.7 -11.8 148 0 20.9 11.5 7.5 2.5 2 0 3 0 0
-4576.0 -11346.4 -11.8 168 0 15.3 14.8 5.0 0.0 0 0 2 1 1
-4621.5 -11371.7 -12.1 63 0 15.9 11.9 7.5 2.5 2 0 3 5 5
-4681.9 -11334.9 -12.0 241 0 9.2 11.4 5.0 2.5 2 1 2 3 3
-4695.1 -11345.6 -12.1 239 0 9.2 12.3 5.0 2.5 2 1 2 3 3
-4429.4 -11481.1 -12.0 57 0 15.5 14.9 7.5 2.5 2 0 3 4 4
-4517.8 -11472.1 -12.2 272 0 13.4 12.6 5.0 2.5 4 0 2 1 1
-4479.1 -11414.3 -11.8 86 0 12.7 14.5 5.0 2.5 2 1 2 5 5
-4415.1 -11373.2 -11.5 57 0 16.3 14.3 5.0 2.5 2 0 2 3 3
-4376.4 -11361.8 -11.3 146 0 22.6 23.5 5.0 2.5 2 1 2 5 5
-5224.2 -10758.4 -11.6 56 0 13.4 14.7 5.0 2.5 4 1 2 5 5
-5223.8 -10793.9 -11.7 237 0 13.8 16.0 7.5 2.5 2 1 3 3 3
-5209.9 -10748.9 -11.6 57 0 13.4 15.1 7.5 2.5 2 1 3 3 3
-5207.1 -10785.3 -11.7 237 0 15.7 14.6 10.0 2.5 2 0 4 0 0
-5192.5 -10736.0 -11.5 57 0 16.9 15.3 7.5 2.5 2 0 3 0 0
-5176.3 -10726.4 -11.4 56 0 11.3 16.5 5.0 2.5 2 1 2 2 2
-5175.1 -10762.4 -11.6 237 0 17.6 15.7 10.0 2.5 4 0 4 1 1
-5155.7 -10751.9 -11.5 236 0 16.0 14.4 5.0 2.5 2 0 2 3 3
-5156.8 -10709.5 -11.3 57 0 17.0 13.2 2.5 2.5 4 0 1 5 5
-5134.6 -10694.5 -11.2 57 0 16.3 12.7 2.5 2.5 2 0 1 1 1
-5417.7 -10164.5 -10.8 147 0 15.5 14.0 5.0 2.5 2 0 2 2 2
-5423.2 -10133.7 -10.8 327 0 16.9 16.0 7.5 0.0 0 0 3 5 5
-5467.4 -10081.9 -10.8 147 0 13.4 11.5 5.0 0.0 0 0 2 4 4
-5485.8 -10065.6 -10.8 146 0 15.0 18.4 5.0 2.5 2 1 2 2 2
-5296.2 -10392.5 -10.9 149 0 14.7 14.1 2.5 2.5 4 0 1 3 3
-5305.5 -10375.1 -10.9 149 0 14.7 14.1 7.5 2.5 2 0 3 4 4
-5315.0 -10420.8 -11.0 330 0 10.3 16.6 7.5 2.5 2 1 3 4 4
-5324.4 -10405.2 -11.0 330 0 10.3 16.6 10.0 2.5 2 1 4 2 2
-5307.9 -10436.7 -11.1 329 0 13.8 16.1 10.0 2.5 2 1 4 3 3
-5288.2 -10469.8 -11.1 277 0 15.4 17.1 10.0 2.5 2 1 4 5 5
-5268.4 -10463.4 -11.0 237 0 22.7 11.1 10.0 2.5 2 0 4 4 4
-5319.4 -10360.2 -10.9 128 0 14.1 16.6 5.0 2.5 2 1 2 2 2
-5356.4 -10359.8 -11.0 70 0 11.8 17.7 5.0 2.5 2 1 2 2 2
-5334.5 -10391.6 -11.0 331 0 10.3 15.6 10.0 2.5 2 1 4 5 5
-5376.9 -10366.1 -11.1 69 0 17.3 13.1 5.0 2.5 2 0 2 3 3
-4333.8 -11454.0 -11.6 175 0 8.1 48.3 2.5 0.0 0 1 1 2 2
-4327.7 -11440.7 -11.5 58 0 17.1 19.8 7.5 2.5 2 1 3 2 2
-4350.8 -11540.5 -12.1 173 0 9.2 15.4 5.0 2.5 2 1 2 2 2
-4357.8 -11511.5 -12.0 156 0 7.1 9.7 2.5 2.5 2 1 1 1 1
-4339.7 -11517.0 -12.0 236 0 5.9 8.0 5.0 2.5 2 1 2 0 0
-4296.6 -11465.9 -11.5 238 0 4.5 11.6 2.5 2.5 2 1 1 5 5
-4254.9 -11500.0 -11.6 355 0 15.2 15.4 7.5 2.5 2 1 3 1 1
-4278.2 -11510.9 -11.7 102 0 12.6 5.8 7.5 2.5 2 0 3 2 2
-4242.7 -11503.1 -11.5 274 0 8.3 17.6 5.0 0.0 0 1 2 0 0
-4368.8 -11572.4 -12.3 270 0 17.7 15.7 10.0 2.5 2 0 4 5 5
-4333.6 -11596.0 -12.4 359 0 12.0 20.1 7.5 2.5 2 1 3 4 4
-4337.0 -11627.0 -12.4 97 0 11.9 15.6 5.0 2.5 2 1 2 5 5
-4399.2 -11579.2 -12.4 246 0 15.1 14.7 5.0 2.5 2 0 2 1 1
-4421.5 -11564.0 -12.4 58 0 11.4 16.5 5.0 2.5 2 1 2 1 1
-4446.7 -11525.9 -12.3 238 0 11.3 15.4 2.5 2.5 2 1 1 1 1
-4468.8 -11510.5 -12.2 59 0 16.9 17.0 7.5 2.5 2 1 3 5 5
-4499.6 -11527.8 -12.4 16 0 14.2 15.6 2.5 0.0 0 1 1 3 3
-4503.3 -11545.8 -12.5 6 0 12.2 17.4 5.0 2.5 2 1 2 2 2
-4373.2 -11321.5 -11.2 57 0 13.3 24.8 10.0 2.5 4 1 4 5 5
-4418.7 -11242.7 -11.1 328 0 16.3 10.0 5.0 2.5 2 0 2 4 4
-4435.1 -11217.2 -11.0 328 0 16.3 10.0 2.5 2.5 2 0 1 4 4
-4415.3 -11400.1 -11.6 252 0 14.2 16.3 5.0 2.5 2 1 2 4 4
-4439.4 -11416.4 -11.7 237 0 17.9 15.4 10.0 2.5 2 0 4 2 2
-4477.8 -11442.2 -11.9 237 0 17.7 14.3 7.5 2.5 2 0 3 0 0
-4498.7 -11460.7 -12.1 236 0 20.1 12.7 7.5 2.5 2 0 3 1 1
-5304.3 -10605.0 -11.4 236 0 14.1 14.0 5.0 2.5 2 0 2 2 2
