1019.1 417.7 -0.5 139 0 21.1 11.0 7.5 2.5 2 0 3 3 3
1011.9 461.6 -0.6 315 0 14.7 21.0 5.0 2.5 2 1 2 2 2
901.7 296.7 -0.1 138 0 27.6 15.8 10.0 2.5 2 0 4 0 0
715.6 417.8 -0.4 317 0 61.8 18.3 10.0 2.5 2 0 4 0 0
854.6 189.4 -0.7 137 0 19.8 40.5 7.5 2.5 2 1 3 2 2
963.6 236.2 -0.2 137 0 21.3 21.5 10.0 2.5 2 1 4 1 1
1016.0 367.4 -0.5 151 0 20.5 11.2 10.0 2.5 2 0 4 5 5
923.8 212.9 -0.5 317 0 26.8 38.6 7.5 0.0 0 1 3 2 2
834.1 368.9 -0.1 138 0 12.7 15.5 7.5 2.5 2 1 3 1 1
960.2 152.7 -0.5 226 0 11.5 14.6 5.0 2.5 4 1 2 5 5
877.7 318.6 -0.1 138 0 17.6 17.7 10.0 2.5 2 1 4 3 3
999.5 478.5 -0.6 317 0 19.3 19.7 7.5 2.5 2 1 3 4 4
-4274.1 7329.4 -4.8 309 0 37.7 12.5 7.5 2.5 2 0 3 5 5
2322.8 -1252.0 -1.2 315 0 17.1 6.6 7.5 2.5 2 0 3 3 3
2532.9 -1213.6 -0.5 227 0 79.9 24.7 7.5 0.0 0 0 3 4 4
-6173.6 8752.4 -8.0 179 0 17.3 10.3 5.0 2.5 2 0 2 0 0
-6123.2 8728.3 -7.9 89 0 10.8 14.8 2.5 2.5 2 1 1 0 0
4350.0 -3364.2 -2.4 62 0 12.8 18.9 7.5 2.5 2 1 3 0 0
-6392.9 8651.3 -8.9 290 0 30.7 12.7 7.5 2.5 2 0 3 5 5
-6400.0 8613.1 -8.8 111 0 11.1 17.4 10.0 2.5 2 1 4 1 1
-6350.4 8592.4 -8.4 108 0 23.6 10.9 10.0 2.5 2 0 4 4 4
-6344.9 8637.9 -8.6 290 0 10.0 31.4 7.5 2.5 2 1 3 0 0
-6318.0 8581.6 -8.2 109 0 38.2 9.7 7.5 2.5 4 0 3 2 2
-6270.7 8598.3 -8.2 18 0 9.6 24.2 2.5 2.5 2 1 1 4 4
-6304.1 8617.8 -8.3 289 0 23.5 10.4 5.0 2.5 2 0 2 4 4
-6329.7 8624.9 -8.5 290 0 23.4 9.3 2.5 2.5 4 0 1 1 1
-6363.4 8762.8 -9.1 358 0 33.4 18.1 10.0 0.0 0 0 4 3 3
-6580.6 8694.3 -9.2 20 0 23.9 17.6 10.0 2.5 2 0 4 1 1
-6558.2 8586.0 -8.8 109 0 11.6 18.5 7.5 2.5 4 1 3 0 0
-6572.9 8591.1 -8.9 111 0 11.0 17.4 10.0 2.5 2 1 4 2 2
-6556.0 8636.7 -9.0 290 0 11.2 11.9 5.0 0.0 0 1 2 2 2
-6517.8 8712.0 -9.2 290 0 9.1 48.9 7.5 0.0 0 1 3 0 0
-6533.6 8717.8 -9.3 290 0 9.3 48.7 7.5 2.5 2 1 3 2 2
-6500.6 8564.0 -8.7 111 0 10.0 13.7 7.5 2.5 2 1 3 1 1
-6526.0 8542.0 -8.6 290 0 11.2 20.6 2.5 2.5 2 1 1 5 5
-6528.7 8575.3 -8.8 110 0 11.8 15.4 5.0 2.5 2 1 2 1 1
-6541.8 8543.0 -8.6 291 0 11.3 16.1 5.0 2.5 2 1 2 5 5
-6553.4 8549.2 -8.7 291 0 11.3 17.6 5.0 2.5 2 1 2 0 0
-6570.0 8553.0 -8.7 288 0 11.5 15.4 7.5 2.5 4 1 3 2 2
1827.7 -453.7 -1.3 47 0 30.8 35.9 7.5 0.0 0 1 3 4 4
-459.9 1904.3 -0.5 342 0 38.2 18.3 7.5 2.5 4 0 3 3 3
-478.0 1955.1 -0.6 343 0 45.2 12.7 10.0 2.5 2 0 4 4 4
4334.5 -3227.0 -2.5 234 0 22.2 29.7 12.5 0.0 0 1 5 5 5
4310.9 -3297.6 -2.4 150 0 8.4 9.3 2.5 2.5 2 1 1 1 1
-2170.3 5440.5 -2.8 270 0 12.5 20.6 10.0 2.5 4 1 4 1 1
