439.4 4239.4 -1.0 330 0 13.2 16.5 2.5 2.5 2 1 1 5 5
-338.1 5227.3 -1.8 259 0 15.8 8.4 7.5 2.5 2 0 3 1 1
309.6 4438.6 -1.1 331 0 10.4 7.8 7.5 2.5 2 0 3 0 0
466.6 4005.5 -1.0 166 0 13.5 16.8 5.0 2.5 2 1 2 2 2
4742.9 -6608.3 -5.7 156 0 14.1 12.1 7.5 0.0 0 0 3 2 2
-1332.9 6077.0 -2.6 280 0 9.4 18.4 2.5 0.0 0 1 1 5 5
4713.6 -3328.1 -3.1 297 0 13.9 16.5 5.0 2.5 4 1 2 3 3
4735.3 -3342.4 -3.1 299 0 17.0 11.8 7.5 2.5 2 0 3 1 1
4812.5 -3439.1 -3.2 327 0 15.4 13.5 7.5 0.0 0 0 3 1 1
4759.4 -3361.7 -3.1 318 0 13.3 17.2 7.5 2.5 2 1 3 1 1
4774.8 -3380.4 -3.2 327 0 16.1 13.0 7.5 2.5 2 0 3 4 4
4825.6 -3303.9 -3.2 217 0 17.0 16.9 10.0 2.5 2 0 4 2 2
4885.6 -3392.2 -3.3 56 0 17.7 18.0 7.5 2.5 2 1 3 4 4
4871.2 -3403.6 -3.3 59 0 12.8 9.9 7.5 2.5 2 0 3 4 4
4915.5 -3424.0 -3.1 238 0 17.8 15.0 7.5 0.0 0 0 3 2 2
5061.1 -3611.6 -3.1 129 0 18.6 16.4 12.5 2.5 2 0 5 1 1
5004.3 -3573.2 -3.0 146 0 15.1 13.7 5.0 2.5 2 0 2 2 2
4957.5 -3496.2 -3.0 234 0 16.5 15.8 7.5 2.5 2 0 3 3 3
4918.6 -3548.1 -2.9 145 0 14.1 15.7 5.0 2.5 2 1 2 2 2
4905.8 -3529.1 -2.9 148 0 12.8 17.1 10.0 2.5 2 1 4 5 5
4837.5 -3478.1 -3.3 326 0 14.6 16.6 7.5 2.5 2 1 3 2 2
4849.4 -3497.3 -3.3 328 0 15.9 15.8 10.0 2.5 2 0 4 0 0
4886.5 -3554.8 -3.0 326 0 17.2 16.5 7.5 0.0 0 0 3 3 3
4900.4 -3574.9 -2.9 323 0 14.9 16.0 5.0 2.5 2 1 2 0 0
4915.1 -3592.7 -2.9 322 0 16.9 13.0 7.5 2.5 2 0 3 1 1
4942.5 -3628.3 -2.9 320 0 17.2 15.9 10.0 2.5 2 0 4 1 1
4971.2 -3665.0 -2.9 323 0 15.5 15.0 5.0 2.5 2 0 2 5 5
5077.5 -3954.2 -3.7 18 0 14.0 12.1 5.0 2.5 2 0 2 5 5
5133.7 -3861.1 -3.6 185 0 16.6 15.5 15.0 0.0 0 0 6 5 5
5084.6 -4030.4 -3.8 189 0 17.6 15.7 10.0 0.0 0 0 4 3 3
5079.4 -4063.9 -3.8 191 0 14.3 15.6 7.5 2.5 2 1 3 4 4
5079.2 -4089.0 -3.8 194 0 16.1 10.7 7.5 2.5 2 0 3 2 2
5071.5 -4109.6 -3.8 193 0 13.3 14.4 7.5 2.5 2 1 3 0 0
4599.4 -3727.0 -3.2 67 0 16.7 14.8 5.0 2.5 2 0 2 3 3
4512.6 -3602.3 -3.1 169 0 20.8 13.8 7.5 2.5 2 0 3 0 0
4521.2 -3630.5 -3.1 158 0 14.7 13.7 5.0 2.5 2 0 2 2 2
4990.9 -3969.4 -3.5 19 0 13.4 11.3 2.5 2.5 2 0 1 4 4
4999.9 -3948.2 -3.5 18 0 14.4 14.0 7.5 2.5 4 0 3 0 0
5013.1 -3903.7 -3.3 19 0 13.6 13.7 10.0 2.5 2 1 4 3 3
4935.7 -3897.7 -3.1 196 0 14.6 17.0 7.5 2.5 2 1 3 2 2
4942.4 -3872.3 -3.0 194 0 13.9 15.6 5.0 0.0 0 1 2 5 5
4945.8 -3849.9 -2.9 184 0 14.0 17.0 7.5 2.5 2 1 3 5 5
4913.7 -3803.6 -2.7 346 0 11.0 12.9 5.0 2.5 2 1 2 5 5
4937.2 -3776.7 -2.8 163 0 14.6 14.0 5.0 2.5 2 0 2 2 2
4922.6 -3732.1 -2.8 154 0 16.2 14.7 5.0 2.5 2 0 2 4 4
4910.6 -3710.3 -2.8 148 0 18.2 13.6 7.5 2.5 4 0 3 3 3
4896.0 -3690.1 -2.8 140 0 16.9 17.0 7.5 2.5 2 1 3 5 5
4866.7 -3656.6 -2.8 140 0 14.6 16.3 2.5 2.5 2 1 1 2 2
4882.2 -3673.6 -2.8 140 0 16.9 14.0 7.5 2.5 4 0 3 0 0
4842.4 -3674.5 -3.0 320 0 10.8 17.7 7.5 2.5 2 1 3 5 5
4724.2 -3511.5 -3.2 327 0 32.7 10.5 7.5 2.5 2 0 3 1 1
4674.0 -3376.4 -3.1 111 0 5.3 5.7 5.0 0.0 0 1 2 3 3
4694.8 -3404.1 -3.1 133 0 15.1 12.6 5.0 0.0 0 0 2 0 0
4671.1 -3429.3 -3.1 297 0 14.9 13.7 7.5 0.0 0 0 3 4 4
4643.5 -3418.2 -3.1 268 0 15.5 14.3 5.0 2.5 4 0 2 4 4
4644.4 -3386.0 -3.1 93 0 13.5 14.2 2.5 0.0 0 1 1 2 2
4551.1 -3417.1 -3.0 66 0 13.0 12.5 5.0 2.5 2 0 2 4 4
4532.1 -3469.7 -3.0 156 0 13.0 13.3 2.5 2.5 2 1 1 1 1
4471.7 -3465.9 -3.0 67 0 12.4 27.3 12.5 2.5 4 1 5 5 5
4498.7 -3546.6 -3.1 48 0 18.6 13.8 10.0 2.5 2 0 4 0 0
4513.6 -3493.2 -3.0 337 0 13.7 15.3 2.5 2.5 2 1 1 5 5
4591.8 -3399.8 -3.0 66 0 12.2 17.7 5.0 2.5 2 1 2 3 3
4575.7 -3440.7 -3.1 245 0 14.2 12.8 10.0 2.5 2 0 4 5 5
4553.6 -3452.5 -3.0 246 0 14.2 13.8 5.0 2.5 2 0 2 2 2
4504.7 -3443.4 -3.0 65 0 17.5 12.9 7.5 2.5 2 0 3 5 5
4530.6 -3427.4 -3.0 66 0 17.5 13.9 7.5 2.5 2 0 3 3 3
4665.9 -3566.2 -3.2 249 0 14.2 17.2 10.0 2.5 2 1 4 0 0
4652.8 -3543.3 -3.2 68 0 12.6 19.7 7.5 2.5 2 1 3 1 1
4562.1 -3616.9 -3.1 337 0 10.4 15.2 7.5 0.0 0 1 3 0 0
4735.5 -3463.6 -3.2 150 0 15.6 17.1 5.0 2.5 2 1 2 0 0
4724.7 -3446.1 -3.2 147 0 17.8 15.9 10.0 2.5 2 0 4 2 2
4711.8 -3428.0 -3.1 143 0 16.0 16.8 10.0 2.5 4 1 4 3 3
4799.6 -3559.4 -3.3 146 0 17.6 15.2 10.0 2.5 2 0 4 0 0
4812.0 -3579.1 -3.3 147 0 18.9 13.8 10.0 0.0 0 0 4 0 0
4618.1 -3387.4 -3.1 76 0 18.8 15.1 12.5 2.5 2 0 5 1 1
4573.1 -3407.0 -3.0 67 0 17.5 13.3 5.0 2.5 2 0 2 4 4
4595.0 -3430.7 -3.1 247 0 17.6 16.8 7.5 2.5 2 0 3 1 1
4640.1 -3476.3 -3.1 111 0 15.1 13.9 5.0 0.0 0 0 2 3 3
4735.6 -3597.3 -3.3 148 0 18.1 14.5 15.0 0.0 0 0 6 3 3
4798.8 -3628.1 -3.3 57 0 16.6 18.4 12.5 2.5 2 1 5 2 2
4928.9 -3920.5 -3.2 198 0 15.6 15.6 7.5 2.5 2 0 3 5 5
4870.1 -3826.4 -2.7 177 0 15.5 18.4 5.0 2.5 2 1 2 5 5
4757.2 -3733.3 -3.3 263 0 13.6 11.9 5.0 2.5 2 0 2 5 5
4664.8 -3652.9 -3.2 249 0 6.6 5.2 7.5 2.5 2 0 3 4 4
5021.4 -3739.5 -3.0 341 0 18.6 23.6 7.5 2.5 2 1 3 3 3
5060.6 -3854.6 -3.3 188 0 16.4 14.6 5.0 2.5 2 0 2 4 4
5135.2 -3832.9 -3.5 169 0 11.1 16.6 2.5 2.5 2 1 1 5 5
5143.9 -3770.7 -3.2 339 0 20.7 15.5 10.0 2.5 2 0 4 5 5
5117.4 -3933.8 -3.7 199 0 14.7 15.5 7.5 0.0 0 1 3 1 1
5037.8 -3799.4 -3.0 356 0 10.5 22.9 5.0 0.0 0 1 2 3 3
4928.5 -3459.7 -3.0 55 0 20.2 12.0 5.0 2.5 4 0 2 5 5
4860.7 -3515.0 -3.3 327 0 16.1 14.1 5.0 2.5 2 0 2 0 0
-1281.3 6132.6 -2.7 320 0 9.0 11.1 2.5 2.5 2 1 1 3 3
-1315.0 6176.8 -2.7 320 0 12.5 14.5 7.5 2.5 2 1 3 4 4
-1341.3 6136.3 -2.7 140 0 13.7 12.0 5.0 0.0 0 0 2 3 3
-1303.1 6164.1 -2.7 322 0 17.4 12.8 7.5 2.5 2 0 3 2 2
-1372.6 6249.6 -2.8 319 0 17.7 17.3 5.0 2.5 2 0 2 0 0
-1382.8 6181.6 -2.7 231 0 11.1 11.9 5.0 2.5 2 1 2 5 5
-1415.8 6226.6 -2.8 231 0 16.1 13.0 7.5 2.5 2 0 3 2 2
-1191.1 6152.2 -2.8 321 0 14.0 19.2 7.5 2.5 4 1 3 1 1
-1169.2 6123.0 -2.7 319 0 10.6 16.8 7.5 2.5 2 1 3 3 3
-1235.9 6121.3 -2.7 141 0 11.6 14.2 2.5 2.5 4 1 1 3 3
-1246.1 6138.7 -2.7 139 0 10.3 9.8 5.0 2.5 2 0 2 1 1
-1218.8 6175.9 -2.8 319 0 15.4 13.2 7.5 2.5 2 0 3 2 2
-1254.7 6221.0 -2.8 320 0 9.9 15.1 5.0 2.5 2 1 2 0 0
-1307.8 6203.9 -2.8 139 0 13.0 16.1 5.0 2.5 2 1 2 5 5
-1331.9 6232.5 -2.8 140 0 13.9 14.8 7.5 2.5 2 1 3 2 2
-1223.0 6286.9 -3.0 90 0 17.3 19.9 10.0 2.5 2 1 4 4 4
-1128.7 6105.8 -2.7 141 0 14.3 16.9 10.0 0.0 0 1 4 5 5
-1104.7 6094.9 -2.7 86 0 18.0 10.5 5.0 2.5 2 0 2 2 2
-1072.6 6111.1 -2.7 321 0 17.2 12.7 5.0 2.5 2 0 2 0 0
-1109.9 6156.4 -2.8 321 0 9.3 9.7 5.0 0.0 0 1 2 3 3
-1152.4 6132.8 -2.8 139 0 11.3 8.9 5.0 2.5 2 0 2 2 2
-1182.5 6169.9 -2.8 139 0 33.1 13.7 7.5 2.5 2 0 3 1 1
-1167.1 6233.2 -2.9 320 0 15.0 15.7 10.0 2.5 2 1 4 0 0
-1155.3 6212.2 -2.9 320 0 17.2 9.0 5.0 2.5 2 0 2 3 3
-1238.9 6250.5 -2.9 139 0 9.3 8.1 2.5 2.5 2 0 1 0 0
-1047.3 6223.8 -2.9 359 0 12.4 34.1 7.5 2.5 2 1 3 5 5
-1123.9 6216.9 -2.9 140 0 17.8 11.3 2.5 2.5 4 0 1 1 1
-1109.8 6201.1 -2.9 140 0 16.6 9.9 7.5 2.5 2 0 3 5 5
-1082.1 6166.6 -2.8 141 0 10.1 12.0 2.5 2.5 2 1 1 5 5
-1045.8 6112.4 -2.8 153 0 20.9 13.2 7.5 2.5 2 0 3 4 4
-1032.4 6200.5 -2.9 179 0 12.9 13.2 7.5 2.5 2 1 3 0 0
-1034.7 6235.0 -3.0 179 0 12.7 18.3 12.5 2.5 2 1 5 0 0
-1058.4 6250.3 -3.0 90 0 12.2 14.4 10.0 2.5 2 1 4 2 2
-1097.5 6254.0 -3.0 89 0 12.5 11.5 2.5 2.5 2 0 1 1 1
-1076.3 6249.0 -3.0 90 0 18.8 17.1 12.5 2.5 2 0 5 1 1
-1345.5 6089.9 -2.6 319 0 9.1 18.5 7.5 0.0 0 1 3 4 4
-1351.2 6099.1 -2.6 318 0 9.3 18.2 7.5 2.5 4 1 3 1 1
-1361.9 6121.3 -2.6 321 0 12.7 16.6 10.0 2.5 2 1 4 0 0
-1378.8 6126.7 -2.6 319 0 10.6 5.5 7.5 2.5 2 0 3 4 4
-1423.4 6145.6 -2.6 140 0 11.8 26.8 7.5 0.0 0 1 3 1 1
-1454.2 6184.1 -2.7 140 0 13.0 11.5 7.5 2.5 4 0 3 4 4
-1454.2 6224.0 -2.7 319 0 19.7 22.4 7.5 2.5 2 1 3 1 1
-3072.0 11861.2 -11.6 91 0 18.6 21.3 10.0 2.5 2 1 4 1 1
