23.3 -10607.4 -8.8 300 0 17.4 20.2 5.0 2.5 2 1 2 0 0
-174.8 -10774.7 -9.1 79 0 5.3 10.1 7.5 0.0 0 1 3 2 2
-222.1 -10755.5 -9.1 176 0 6.4 5.9 7.5 2.5 2 0 3 0 0
-224.8 -10725.7 -9.0 265 0 20.3 22.5 7.5 2.5 2 1 3 4 4
-222.4 -10644.1 -8.9 61 0 8.5 10.8 5.0 2.5 2 1 2 1 1
-193.2 -10614.1 -8.8 237 0 21.3 9.4 5.0 2.5 2 0 2 2 2
-140.7 -10675.5 -8.9 318 0 6.9 11.0 7.5 2.5 4 1 3 5 5
-150.6 -10649.5 -8.9 68 0 16.7 11.2 10.0 2.5 2 0 4 3 3
-138.4 -10655.0 -8.9 68 0 10.6 9.7 5.0 2.5 2 0 2 1 1
-164.9 -10639.4 -8.9 68 0 7.9 4.4 7.5 2.5 2 0 3 4 4
-1456.6 -12443.2 -12.3 205 0 16.6 25.5 7.5 2.5 2 1 3 1 1
-1427.1 -12458.4 -12.3 114 0 3.9 10.0 5.0 2.5 2 1 2 5 5
-1366.1 -12402.4 -12.2 39 0 45.6 27.1 10.0 0.0 0 0 4 4 4
-1405.8 -12387.3 -12.2 221 0 11.5 9.0 7.5 2.5 2 0 3 4 4
-1395.0 -12364.5 -12.1 177 0 5.7 5.9 2.5 0.0 0 1 1 3 3
-1345.6 -12361.0 -12.1 20 0 7.8 7.5 5.0 0.0 0 0 2 1 1
-1358.9 -12325.1 -12.0 295 0 13.8 5.4 7.5 2.5 2 0 3 3 3
-1347.2 -12320.5 -12.0 217 0 18.5 8.4 7.5 2.5 2 0 3 3 3
-991.4 -12143.0 -11.6 209 0 10.0 29.0 7.5 2.5 4 1 3 1 1
-931.8 -12209.3 -11.7 28 0 10.2 13.4 7.5 0.0 0 1 3 0 0
-923.4 -12179.1 -11.7 284 0 9.4 19.5 7.5 2.5 2 1 3 0 0
