6525.8 -3506.7 -4.8 148 0 15.0 13.8 2.5 2.5 2 0 1 1 1
6424.1 -4879.0 -5.6 270 0 18.4 14.8 7.5 2.5 2 0 3 1 1
6422.7 -5355.4 -6.0 182 0 28.1 7.3 5.0 0.0 0 0 2 5 5
6392.3 -7231.7 -6.9 91 0 47.3 7.1 7.5 2.5 2 0 3 3 3
6592.0 -6921.4 -6.7 90 0 62.6 15.6 7.5 2.5 2 0 3 4 4
6498.4 -6916.1 -6.6 271 0 19.1 16.6 7.5 2.5 2 0 3 1 1
6516.9 -6155.3 -6.7 91 0 34.5 38.5 14.0 0.0 0 1 4 2 2
6502.1 -5656.8 -6.3 358 0 31.8 30.2 14.0 0.0 0 0 4 4 4
6485.3 -5544.9 -6.2 89 0 22.4 23.6 14.0 3.5 2 1 4 4 4
6518.4 -5903.7 -6.5 269 0 23.3 31.6 10.5 0.0 0 1 3 3 3
6507.5 -7129.8 -6.8 357 0 13.1 15.6 5.0 2.5 2 1 2 1 1
6521.5 -6664.8 -6.3 89 0 17.9 38.2 17.5 0.0 0 1 5 4 4
6509.0 -6556.2 -6.2 180 0 39.2 34.7 17.5 0.0 0 0 5 5 5
6380.0 -6967.3 -6.7 178 0 19.2 20.5 10.0 2.5 4 1 4 5 5
6529.9 -7462.5 -7.2 270 0 49.6 24.0 7.5 2.5 2 0 3 1 1
6536.0 -7422.9 -7.2 90 0 62.3 25.1 7.5 2.5 2 0 3 5 5
6527.9 -7322.9 -7.0 269 0 22.0 11.9 10.0 2.5 2 0 4 2 2
6535.6 -7286.6 -7.0 90 0 34.5 27.7 15.0 0.0 0 0 6 3 3
6328.1 -10263.2 -10.9 0 0 42.1 12.2 10.0 2.5 2 0 4 5 5
6409.8 -10286.7 -11.0 0 0 13.3 26.3 7.5 2.5 2 1 3 5 5
6388.6 -10355.5 -11.1 0 0 19.6 14.2 7.5 0.0 0 0 3 2 2
6408.5 -10365.3 -11.1 0 0 22.1 6.1 5.0 2.5 2 0 2 3 3
6923.3 -5062.1 -6.3 91 0 35.9 104.9 5.0 0.0 0 1 2 4 4
