-3836.9 -6100.1 -3.3 346 0 10.3 18.2 10.0 2.5 2 1 4 3 3
-3856.9 -6005.5 -3.2 345 0 10.6 17.1 7.5 0.0 0 1 3 1 1
-3807.1 -5846.0 -3.0 269 0 11.1 16.4 5.0 2.5 2 1 2 0 0
-3827.2 -5989.7 -3.2 164 0 10.1 16.3 5.0 2.5 2 1 2 0 0
-3869.4 -5841.3 -3.0 13 0 13.2 23.3 10.0 0.0 0 1 4 2 2
-3863.7 -5926.6 -3.1 0 0 10.6 15.6 5.0 2.5 2 0 2 2 2
-3863.4 -5968.0 -3.2 359 0 11.5 16.3 2.5 2.5 2 1 1 1 1
-3633.0 -5847.4 -2.9 226 0 11.0 17.6 10.0 2.5 2 1 4 2 2
-3662.7 -5949.2 -3.0 199 0 8.2 15.9 2.5 2.5 2 1 1 3 3
-3679.4 -5983.8 -3.1 223 0 9.5 18.1 7.5 2.5 2 1 3 1 1
-3830.4 -5875.2 -3.1 180 0 10.2 16.3 5.0 2.5 2 1 2 4 4
-3830.2 -5958.2 -3.1 180 0 10.1 16.3 10.0 2.5 2 1 4 3 3
-3766.3 -5845.8 -3.0 269 0 10.0 16.4 7.5 2.5 2 1 3 1 1
-3769.1 -5812.9 -3.0 90 0 10.0 16.4 7.5 2.5 2 1 3 1 1
-3806.1 -6069.5 -3.2 164 0 10.1 18.4 7.5 0.0 0 1 3 1 1
-3758.6 -5995.9 -3.1 73 0 13.5 17.9 10.0 0.0 0 1 4 0 0
-3837.3 -6079.0 -3.2 346 0 10.3 18.2 10.0 0.0 0 1 4 5 5
-3662.8 -5927.4 -3.0 179 0 9.5 18.5 7.5 2.5 2 1 3 1 1
-3789.8 -5812.9 -3.0 90 0 10.0 16.4 7.5 2.5 2 1 3 0 0
-3706.2 -5962.9 -3.1 20 0 10.1 18.4 7.5 2.5 2 1 3 5 5
-3644.7 -5807.1 -2.9 91 0 10.7 16.6 7.5 2.5 2 1 3 5 5
-3728.1 -5982.6 -3.1 44 0 10.6 17.9 7.5 2.5 2 1 3 1 1
-3830.5 -5916.6 -3.1 180 0 12.4 17.4 10.0 2.5 2 1 4 3 3
-3863.0 -5905.8 -3.1 360 0 11.4 17.4 12.5 2.5 4 1 5 5 5
-3811.7 -6049.3 -3.2 164 0 10.1 19.3 7.5 2.5 2 1 3 0 0
-3847.2 -5816.9 -3.0 55 0 11.8 17.8 5.0 2.5 2 1 2 5 5
-3786.7 -5846.1 -3.0 269 0 11.1 16.4 5.0 0.0 0 1 2 3 3
-3663.6 -5906.8 -3.0 178 0 9.5 25.0 7.5 0.0 0 1 3 2 2
-3696.6 -5894.9 -3.0 358 0 10.1 16.3 7.5 2.5 2 1 3 0 0
-3629.4 -5813.9 -2.9 131 0 10.8 22.5 10.0 0.0 0 1 4 5 5
-3810.6 -5812.8 -3.0 90 0 10.0 16.4 7.5 2.5 2 1 3 0 0
-3867.0 -5985.1 -3.2 357 0 14.8 18.2 10.0 2.5 2 1 4 5 5
-3830.9 -5812.9 -3.0 84 0 10.0 16.4 5.0 2.5 2 1 2 4 4
-3621.8 -5830.4 -2.9 186 0 13.7 17.3 7.5 2.5 2 1 3 0 0
-3748.5 -6028.2 -3.1 262 0 10.4 18.6 2.5 2.5 2 1 1 3 3
-3665.4 -5862.7 -2.9 178 0 12.4 17.2 7.5 2.5 4 1 3 4 4
-3724.6 -5845.6 -3.0 269 0 10.0 16.4 7.5 2.5 2 1 3 1 1
-3842.6 -6058.6 -3.2 345 0 10.1 16.2 2.5 2.5 2 1 1 0 0
2043.8 928.7 -0.6 271 0 18.4 11.9 5.0 2.5 4 0 2 1 1
2146.7 855.4 -0.6 90 0 7.1 18.4 2.5 2.5 2 1 1 2 2
2200.9 931.7 -0.6 270 0 15.7 11.3 2.5 2.5 2 0 1 1 1
2114.4 864.6 -0.6 360 0 18.5 12.3 7.5 2.5 2 0 3 0 0
2127.6 864.8 -0.6 180 0 17.9 10.4 5.0 2.5 2 0 2 1 1
2064.7 855.2 -0.6 90 0 12.3 18.5 5.0 2.5 2 1 2 0 0
2148.2 898.1 -0.6 270 0 11.8 18.9 10.0 2.5 4 1 4 0 0
2114.5 888.5 -0.6 0 0 18.5 11.6 5.0 2.5 2 0 2 4 4
2064.1 930.7 -0.6 270 0 7.4 18.5 7.5 2.5 2 1 3 3 3
2177.8 897.1 -0.6 270 0 10.4 17.9 7.5 2.5 2 1 3 1 1
2178.1 855.3 -0.6 90 0 10.4 17.9 7.5 0.0 0 1 3 1 1
2132.9 897.5 -0.6 270 0 11.0 18.0 2.5 2.5 2 1 1 3 3
2131.4 931.8 -0.6 271 0 11.0 18.7 7.5 2.5 2 1 3 5 5
2079.7 855.2 -0.6 91 0 11.4 18.2 5.0 0.0 0 1 2 1 1
2064.1 897.9 -0.6 269 0 10.7 18.2 2.5 2.5 2 1 1 5 5
2114.0 922.2 -0.6 360 0 18.4 10.7 5.0 2.5 2 0 2 4 4
2165.2 840.4 -0.6 270 0 8.5 18.4 2.5 2.5 2 1 1 5 5
2093.2 932.5 -0.6 270 0 8.3 18.5 5.0 2.5 2 1 2 2 2
-1904.1 -2989.5 -0.2 267 0 10.5 16.9 5.0 2.5 2 1 2 3 3
-1829.7 -2825.6 -0.1 337 0 19.4 22.1 15.0 0.0 0 1 6 3 3
-1871.9 -3105.5 -0.2 77 0 19.3 22.5 7.5 2.5 2 1 3 5 5
-1838.2 -2803.4 -0.1 335 0 19.3 21.8 5.0 2.5 2 1 2 2 2
-1846.3 -3091.6 -0.2 51 0 19.2 21.5 10.0 2.5 2 1 4 3 3
-1867.1 -2978.2 -0.1 267 0 20.2 21.8 10.0 2.5 2 1 4 5 5
-1882.7 -2949.6 -0.1 87 0 19.0 22.4 7.5 2.5 2 1 3 5 5
-1907.2 -2919.7 -0.1 268 0 9.9 22.6 7.5 2.5 2 1 3 0 0
-1859.5 -2948.2 -0.1 87 0 20.5 22.8 7.5 0.0 0 1 3 2 2
-1810.9 -3040.5 -0.2 20 0 18.8 22.1 10.0 2.5 2 1 4 0 0
1246.7 -2177.7 0.3 33 0 8.5 11.8 5.0 2.5 2 1 2 1 1
1268.6 -2173.3 0.3 33 0 8.5 10.6 5.0 2.5 2 1 2 0 0
1245.5 -2209.4 0.3 33 0 8.5 10.6 2.5 2.5 2 1 1 5 5
1270.9 -2096.6 0.3 303 0 10.6 8.5 7.5 2.5 2 0 3 0 0
1294.2 -2044.3 0.3 34 0 45.4 23.7 7.5 0.0 0 0 3 4 4
1313.5 -2095.9 0.3 303 0 10.6 8.5 5.0 2.5 2 0 2 1 1
1218.6 -1976.6 0.4 304 0 23.7 53.9 7.5 2.5 2 1 3 4 4
1299.5 -2087.1 0.3 303 0 10.6 8.5 7.5 2.5 2 0 3 1 1
1231.5 -2200.9 0.3 33 0 8.5 11.8 5.0 0.0 0 1 2 0 0
1276.8 -2162.7 0.3 33 0 8.5 11.8 5.0 2.5 4 1 2 3 3
1267.2 -2147.8 0.3 33 0 8.5 11.8 2.5 2.5 2 1 1 3 3
1252.4 -2096.6 0.3 303 0 10.6 8.5 5.0 0.0 0 0 2 5 5
1258.7 -2087.2 0.3 303 0 10.6 8.5 7.5 2.5 2 0 3 3 3
1274.9 -2072.0 0.3 34 0 15.6 23.7 7.5 0.0 0 1 3 4 4
1277.6 -2087.2 0.3 303 0 10.6 8.5 2.5 2.5 4 0 1 5 5
1252.8 -2197.3 0.3 33 0 8.5 10.6 5.0 2.5 2 1 2 2 2
4772.9 2196.0 -2.4 89 0 19.0 20.1 10.0 2.5 2 1 4 4 4
4805.3 2247.4 -2.4 214 0 12.0 20.0 10.0 0.0 0 1 4 4 4
4784.2 2466.5 -2.5 281 0 11.1 20.1 12.5 2.5 2 1 5 2 2
4874.0 2489.5 -2.4 270 0 9.2 8.7 7.5 0.0 0 0 3 5 5
4902.0 2523.1 -2.2 83 0 11.1 20.1 7.5 2.5 2 1 3 1 1
4743.2 2200.3 -2.3 104 0 19.0 20.1 7.5 2.5 2 1 3 3 3
4829.5 2506.6 -2.4 80 0 18.9 20.1 7.5 2.5 2 1 3 1 1
5846.1 2587.5 -3.4 172 0 20.1 18.1 7.5 2.5 2 0 3 2 2
4917.5 2462.0 -2.4 226 0 11.1 20.0 7.5 2.5 2 1 3 0 0
4529.4 2185.8 -2.2 261 0 18.9 20.1 7.5 2.5 4 1 3 4 4
4806.1 2203.6 -2.4 51 0 19.0 20.0 7.5 2.5 2 1 3 3 3
4759.2 2471.1 -2.4 275 0 11.1 20.1 7.5 2.5 2 1 3 1 1
4874.4 2518.7 -2.2 79 0 11.9 20.1 12.5 0.0 0 1 5 5 5
4724.7 2225.4 -2.3 270 0 11.9 20.1 7.5 2.5 2 1 3 1 1
6072.1 2578.0 -3.6 178 0 18.2 20.0 10.0 2.5 4 1 4 3 3
5869.7 2590.0 -3.4 180 0 20.1 18.1 7.5 2.5 2 0 3 4 4
4517.7 2185.0 -2.2 261 0 11.9 20.1 12.5 2.5 2 1 5 0 0
5708.7 2741.8 -3.7 288 0 18.1 20.1 10.0 2.5 2 1 4 1 1
4688.3 2225.8 -2.3 271 0 19.0 20.1 5.0 2.5 2 1 2 3 3
6072.9 2604.8 -3.6 181 0 11.1 20.0 12.5 2.5 2 1 5 1 1
5913.8 2596.7 -3.5 306 0 11.1 20.0 10.0 2.5 2 1 4 5 5
4479.0 2168.8 -2.1 127 0 19.0 20.0 10.0 2.5 2 1 4 4 4
4593.1 2345.1 -2.3 268 0 19.0 20.1 10.0 2.5 2 1 4 4 4
5604.3 2715.8 -3.7 153 0 19.0 20.0 12.5 2.5 2 1 5 0 0
5645.0 2768.5 -3.8 60 0 11.9 20.0 7.5 2.5 2 1 3 5 5
5803.2 2735.6 -3.7 334 0 19.0 20.0 12.5 2.5 2 1 5 3 3
4798.6 2506.5 -2.4 112 0 19.0 20.1 7.5 2.5 2 1 3 3 3
4569.6 2344.8 -2.3 268 0 19.0 20.1 12.5 2.5 2 1 5 2 2
5905.4 2638.7 -3.6 42 0 18.1 20.0 12.5 2.5 4 1 5 5 5
5639.6 2723.0 -3.7 265 0 18.0 20.1 10.0 2.5 2 1 4 5 5
5675.4 2778.6 -3.8 92 0 19.0 20.1 12.5 2.5 2 1 5 3 3
4809.4 2338.8 -2.4 284 0 19.0 20.1 7.5 2.5 2 1 3 3 3
5211.2 2534.9 -2.6 80 0 11.9 20.1 7.5 0.0 0 1 3 1 1
4734.8 2345.8 -2.4 270 0 19.0 20.1 7.5 2.5 2 1 3 0 0
5248.5 2453.5 -2.5 0 0 19.1 20.0 10.0 2.5 2 1 4 2 2
5850.8 2540.9 -3.4 190 0 9.0 9.0 5.0 2.5 2 1 2 5 5
6005.1 2707.7 -3.8 269 0 18.1 20.1 7.5 2.5 4 1 3 3 3
5691.1 2775.9 -3.8 99 0 19.0 20.1 12.5 2.5 2 1 5 1 1
6068.8 2482.5 -3.5 200 0 18.2 20.0 7.5 2.5 2 1 3 2 2
4711.7 2340.3 -2.4 270 0 19.0 20.1 7.5 2.5 4 1 3 0 0
4563.5 2252.9 -2.2 20 0 9.4 9.1 5.0 2.5 2 0 2 0 0
6033.9 2702.6 -3.9 311 0 18.1 20.0 7.5 2.5 4 1 3 0 0
5713.7 2770.9 -3.8 103 0 19.0 20.1 10.0 2.5 2 1 4 2 2
6073.7 2503.8 -3.6 187 0 18.1 20.0 7.5 2.5 4 1 3 4 4
6048.2 2660.9 -3.8 3 0 11.1 20.0 12.5 2.5 2 1 5 2 2
5956.8 2540.6 -3.5 174 0 11.2 20.0 7.5 2.5 4 1 3 0 0
6107.7 2738.7 -4.1 0 0 18.2 20.0 7.5 2.5 2 1 3 1 1
5271.7 2516.4 -2.8 166 0 19.0 20.0 7.5 2.5 2 1 3 2 2
5955.6 2560.2 -3.5 174 0 18.2 20.0 12.5 2.5 2 1 5 1 1
4546.7 2344.2 -2.2 268 0 19.0 20.1 15.0 0.0 0 1 6 4 4
5619.1 2745.6 -3.8 358 0 11.1 20.0 10.0 2.5 2 1 4 0 0
4778.3 2514.2 -2.4 112 0 19.0 20.1 10.0 2.5 2 1 4 0 0
6046.4 2734.8 -4.0 90 0 11.0 20.1 10.0 2.5 2 1 4 1 1
5952.8 2576.8 -3.5 172 0 18.2 20.0 15.0 0.0 0 1 6 4 4
5807.6 2680.7 -3.6 154 0 19.0 20.0 7.5 2.5 2 1 3 0 0
5187.5 2531.2 -2.5 84 0 11.9 20.1 10.0 0.0 0 1 4 2 2
5634.9 2763.3 -3.9 60 0 19.0 20.0 7.5 2.5 2 1 3 1 1
5922.7 2570.8 -3.4 358 0 18.2 20.0 10.0 2.5 2 1 4 4 4
6024.0 2735.4 -4.0 91 0 11.0 20.1 10.0 2.5 2 1 4 1 1
5946.7 2608.2 -3.5 172 0 11.2 20.0 10.0 2.5 2 1 4 5 5
4462.8 2199.2 -2.1 158 0 19.0 20.0 12.5 2.5 2 1 5 0 0
5170.3 2529.4 -2.5 84 0 18.9 20.1 10.0 2.5 2 1 4 1 1
5794.1 2711.4 -3.7 154 0 11.9 20.0 10.0 2.5 4 1 4 2 2
5147.0 2526.6 -2.4 84 0 18.9 20.1 10.0 2.5 2 1 4 0 0
5657.9 2725.4 -3.8 258 0 18.1 20.1 7.5 2.5 2 1 3 4 4
6076.3 2647.8 -3.8 187 0 18.2 20.0 10.0 2.5 2 1 4 4 4
5855.9 2634.0 -3.5 180 0 20.1 19.0 7.5 2.5 2 0 3 0 0
6042.5 2527.0 -3.5 359 0 18.2 20.0 10.0 2.5 2 1 4 4 4
4726.5 2471.8 -2.4 269 0 19.0 20.1 10.0 2.5 2 1 4 3 3
4679.6 2525.8 -2.4 74 0 11.9 20.1 10.0 2.5 2 1 4 0 0
4702.5 2283.6 -2.3 270 0 9.3 9.1 5.0 2.5 2 0 2 0 0
5277.9 2466.1 -2.7 177 0 19.1 20.0 7.5 2.5 2 1 3 2 2
6080.1 2670.9 -3.8 187 0 18.2 20.0 12.5 2.5 2 1 5 0 0
6039.7 2495.8 -3.5 9 0 11.1 20.0 10.0 0.0 0 1 4 2 2
4703.3 2471.1 -2.4 269 0 19.0 20.1 10.0 0.0 0 1 4 0 0
6075.4 2528.2 -3.6 179 0 18.2 20.0 12.5 0.0 0 1 5 2 2
5818.8 2558.0 -3.3 356 0 18.2 20.0 7.5 2.5 2 1 3 2 2
5272.6 2493.2 -2.8 166 0 19.1 20.0 7.5 2.5 4 1 3 3 3
6082.1 2688.6 -3.9 187 0 18.1 20.0 7.5 2.5 2 1 3 4 4
4678.5 2468.5 -2.4 269 0 19.0 20.1 7.5 2.5 2 1 3 1 1
5735.7 2765.3 -3.8 103 0 19.0 20.1 7.5 2.5 2 1 3 2 2
6073.5 2554.5 -3.6 179 0 18.2 20.0 7.5 2.5 2 1 3 3 3
5818.2 2661.8 -3.6 154 0 19.0 20.0 10.0 2.5 2 1 4 5 5
4664.9 2467.3 -2.4 269 0 11.1 20.1 12.5 0.0 0 1 5 2 2
5751.5 2760.1 -3.8 113 0 11.9 20.1 10.0 2.5 2 1 4 1 1
4892.0 2419.4 -2.5 312 0 19.0 20.0 7.5 2.5 2 1 3 5 5
4446.1 2243.0 -2.1 158 0 19.0 20.0 7.5 2.5 2 1 3 5 5
5295.0 2406.1 -2.7 175 0 11.1 20.0 7.5 2.5 2 1 3 0 0
5030.1 2526.4 -2.0 91 0 19.0 20.1 7.5 2.5 2 1 3 2 2
5789.2 2756.1 -3.8 326 0 19.0 20.0 10.0 2.5 4 1 4 3 3
6000.0 2501.8 -3.5 91 0 9.0 9.3 7.5 2.5 2 1 3 5 5
4883.5 2427.3 -2.5 312 0 11.9 20.0 7.5 2.5 2 1 3 4 4
5006.8 2525.9 -2.0 91 0 19.0 20.1 10.0 2.5 2 1 4 0 0
5772.0 2683.1 -3.6 332 0 11.2 20.0 7.5 2.5 2 1 3 4 4
4859.4 2444.2 -2.5 293 0 11.9 20.1 5.0 2.5 2 1 2 1 1
5827.9 2643.1 -3.5 129 0 11.9 20.0 7.5 0.0 0 1 3 0 0
6041.8 2553.5 -3.5 359 0 18.2 20.0 7.5 2.5 2 1 3 4 4
4989.3 2525.7 -2.0 91 0 19.0 20.1 7.5 2.5 2 1 3 3 3
5778.9 2670.4 -3.6 332 0 18.2 20.0 7.5 2.5 2 1 3 3 3
5811.1 2600.7 -3.4 344 0 18.2 20.0 7.5 2.5 2 1 3 4 4
4551.4 2189.7 -2.2 261 0 18.9 20.1 7.5 2.5 2 1 3 0 0
4954.5 2545.0 -2.1 272 0 19.0 20.1 10.0 2.5 2 1 4 2 2
5815.4 2582.5 -3.3 350 0 18.2 20.0 7.5 2.5 2 1 3 1 1
5683.9 2730.7 -3.8 258 0 18.1 20.1 7.5 0.0 0 1 3 1 1
4704.2 2531.9 -2.4 74 0 11.1 20.1 10.0 0.0 0 1 4 5 5
4523.2 2343.9 -2.2 268 0 19.0 20.1 10.0 2.5 2 1 4 3 3
4643.1 2343.8 -2.3 270 0 19.0 20.1 7.5 2.5 2 1 3 0 0
4729.2 2530.8 -2.4 104 0 19.0 20.1 10.0 2.5 2 1 4 5 5
6105.6 2715.0 -4.0 4 0 18.2 20.0 12.5 2.5 2 1 5 0 0
5942.7 2628.7 -3.6 176 0 18.2 20.0 10.0 2.5 2 1 4 5 5
6044.9 2641.3 -3.7 3 0 18.2 20.0 7.5 2.5 2 1 3 1 1
4745.8 2525.8 -2.4 105 0 11.9 20.1 10.0 2.5 2 1 4 1 1
5311.3 2370.6 -2.7 85 0 20.0 19.1 10.0 2.5 2 0 4 5 5
5942.2 2647.5 -3.7 183 0 18.2 20.0 10.0 2.5 2 1 4 5 5
4429.4 2286.9 -2.1 158 0 19.0 20.0 10.0 2.5 4 1 4 1 1
4589.7 2226.3 -2.2 220 0 12.0 20.0 12.5 2.5 2 1 5 5 5
5951.3 2690.5 -3.8 210 0 11.1 20.0 7.5 2.5 2 1 3 1 1
4591.0 2181.7 -2.2 55 0 19.0 20.0 7.5 2.5 2 1 3 4 4
5243.2 2478.8 -2.6 351 0 19.1 20.0 7.5 2.5 2 1 3 4 4
5979.1 2704.2 -3.8 246 0 11.1 20.1 7.5 2.5 2 1 3 5 5
5123.1 2526.8 -2.3 88 0 19.0 20.1 7.5 2.5 2 1 3 4 4
5925.7 2547.2 -3.4 1 0 18.2 20.0 5.0 2.5 2 1 2 5 5
4689.1 2339.8 -2.3 270 0 19.0 20.1 7.5 2.5 2 1 3 4 4
4969.3 2491.6 -2.2 325 0 18.9 17.6 7.5 2.5 2 0 3 2 2
5913.1 2724.2 -3.9 84 0 18.1 20.1 7.5 2.5 2 1 3 3 3
5790.4 2647.8 -3.6 337 0 18.1 20.0 5.0 2.5 2 1 2 1 1
5095.6 2525.4 -2.2 90 0 11.1 20.1 10.0 2.5 4 1 4 2 2
5927.6 2524.3 -3.4 1 0 18.2 20.0 12.5 2.5 2 1 5 2 2
4860.1 2514.6 -2.3 75 0 19.0 20.1 10.0 2.5 2 1 4 2 2
4666.4 2342.5 -2.3 270 0 19.0 20.1 7.5 2.5 2 1 3 4 4
4930.0 2473.0 -2.3 227 0 20.5 19.4 7.5 2.5 2 0 3 3 3
5897.0 2722.3 -3.8 60 0 18.1 20.0 12.5 2.5 2 1 5 0 0
5802.9 2624.1 -3.5 337 0 18.2 20.0 7.5 2.5 2 1 3 5 5
5076.7 2526.0 -2.1 90 0 19.0 20.1 10.0 2.5 2 1 4 5 5
5958.2 2520.9 -3.5 181 0 11.1 20.0 10.0 2.5 2 1 4 3 3
5901.3 2703.5 -3.7 266 0 20.0 18.2 10.0 2.5 2 0 4 1 1
5053.3 2525.6 -2.1 91 0 19.0 20.1 10.0 2.5 2 1 4 1 1
5294.7 2555.2 -2.9 310 0 19.0 20.0 7.5 2.5 4 1 3 4 4
5914.4 2673.7 -3.7 7 0 18.2 20.0 7.5 2.5 2 1 3 4 4
4437.7 2265.4 -2.1 158 0 19.0 20.0 10.0 2.5 2 1 4 0 0
4641.7 2466.7 -2.3 269 0 11.1 20.1 7.5 2.5 4 1 3 1 1
5262.7 2563.2 -2.8 272 0 19.0 20.1 10.0 2.5 2 1 4 4 4
4785.5 2344.6 -2.4 284 0 19.0 20.1 10.0 2.5 2 1 4 5 5
6042.7 2612.7 -3.7 4 0 11.1 20.0 10.0 2.5 2 1 4 3 3
6012.1 2740.0 -4.0 92 0 18.1 20.1 7.5 2.5 2 1 3 0 0
5736.7 2729.8 -3.7 308 0 18.1 20.0 7.5 2.5 2 1 3 0 0
4641.7 2517.7 -2.4 82 0 18.9 20.1 10.0 2.5 2 1 4 1 1
5289.6 2428.7 -2.7 175 0 11.1 20.0 7.5 2.5 2 1 3 2 2
6073.2 2625.8 -3.7 187 0 18.2 20.0 10.0 2.5 2 1 4 4 4
5236.0 2540.1 -2.7 79 0 11.1 20.1 7.5 2.5 2 1 3 0 0
4454.4 2221.6 -2.1 158 0 19.0 20.0 12.5 2.5 2 1 5 3 3
4762.5 2348.7 -2.4 284 0 19.0 20.1 10.0 2.5 2 1 4 0 0
6040.3 2592.5 -3.6 359 0 11.2 20.0 7.5 2.5 2 1 3 3 3
5979.3 2737.9 -4.0 73 0 11.0 20.1 10.0 2.5 2 1 4 2 2
5757.9 2709.7 -3.7 330 0 18.1 20.0 7.5 2.5 2 1 3 1 1
4668.2 2522.9 -2.4 74 0 19.0 20.1 7.5 2.5 2 1 3 2 2
5284.7 2441.9 -2.7 175 0 19.1 20.0 7.5 2.5 2 1 3 1 1
4833.3 2453.4 -2.5 287 0 11.9 20.1 10.0 0.0 0 1 4 0 0
6040.3 2572.9 -3.5 359 0 18.2 20.0 7.5 2.5 4 1 3 2 2
5959.3 2729.3 -3.9 64 0 11.0 20.1 10.0 2.5 4 1 4 4 4
4522.6 2219.1 -2.2 116 0 19.0 20.1 7.5 2.5 2 1 3 2 2
4814.7 2259.1 -2.4 220 0 19.0 20.0 10.0 2.5 2 1 4 2 2
4800.2 2463.5 -2.5 287 0 19.0 20.1 10.0 2.5 2 1 4 0 0
5930.6 2725.8 -3.9 84 0 11.0 20.1 10.0 2.5 2 1 4 0 0
4507.7 2280.5 -2.2 289 0 20.0 19.0 7.5 2.5 2 0 3 1 1
4931.3 2546.9 -2.1 272 0 19.0 20.1 5.0 2.5 2 1 2 5 5
-5567.0 4137.0 -5.9 2 0 37.6 7.6 7.5 0.0 0 0 3 3 3
-5782.9 3730.1 -5.9 182 0 66.0 31.8 7.5 0.0 0 0 3 2 2
-5561.7 4007.9 -5.9 271 0 27.2 41.8 5.0 0.0 0 0 2 3 3
-2080.2 3027.1 -2.6 225 0 5.3 8.1 5.0 0.0 0 1 2 2 2
5250.3 4809.1 -5.3 270 0 24.0 14.4 10.5 3.5 2 0 3 3 3
4534.1 3277.1 -4.0 359 0 12.8 30.4 10.5 3.5 4 1 3 5 5
4523.2 3198.9 -3.6 344 0 45.7 127.0 10.5 0.0 0 1 3 1 1
4533.4 3306.3 -4.1 359 0 12.4 6.1 10.5 3.5 2 0 3 0 0
-6881.4 -4533.9 -4.6 180 0 18.4 46.7 10.0 2.5 2 1 4 4 4
-6878.4 -4747.4 -4.7 180 0 47.0 18.3 7.5 2.5 4 0 3 3 3
-6833.3 -4694.8 -4.7 359 0 18.4 46.7 10.0 2.5 4 1 4 0 0
-6705.9 -4766.1 -5.1 260 0 46.9 18.3 7.5 2.5 2 0 3 2 2
-6834.0 -4605.2 -4.6 359 0 18.4 46.7 7.5 2.5 2 1 3 2 2
-6706.8 -4716.3 -5.0 89 0 17.8 47.0 7.5 2.5 2 1 3 3 3
-6759.6 -4772.4 -4.9 270 0 46.6 18.0 7.5 2.5 2 0 3 3 3
-6818.0 -4541.1 -4.6 270 0 18.3 47.0 7.5 2.5 2 1 3 4 4
-6801.2 -4608.8 -4.7 270 0 18.3 47.0 10.0 2.5 2 1 4 5 5
-6833.0 -4653.5 -4.7 1 0 18.4 46.7 7.5 2.5 2 1 3 1 1
-6192.9 -5519.2 -4.7 180 0 26.3 19.7 10.0 2.5 2 0 4 3 3
6283.7 6603.3 -9.7 360 0 56.5 15.7 10.0 2.5 2 0 4 2 2
6301.4 6686.9 -9.9 359 0 55.5 15.7 10.0 2.5 2 0 4 4 4
6195.2 6638.2 -10.0 359 0 56.0 15.7 7.5 2.5 2 0 3 4 4
6353.2 6587.2 -9.7 360 0 16.0 55.4 7.5 2.5 4 1 3 2 2
6353.5 6534.3 -9.7 0 0 15.5 55.4 7.5 2.5 2 1 3 2 2
6280.6 6548.3 -9.6 269 0 15.2 25.9 12.5 2.5 2 1 5 0 0
6250.3 6549.8 -9.6 269 0 16.2 24.8 7.5 2.5 2 1 3 5 5
6322.3 6684.6 -9.8 179 0 56.9 16.1 10.0 2.5 2 0 4 3 3
6243.7 6631.5 -9.9 270 0 15.7 56.2 10.0 2.5 4 1 4 4 4
6353.3 6620.9 -9.8 359 0 15.9 55.6 7.5 2.5 2 1 3 3 3
6177.4 6702.9 -10.2 180 0 55.8 16.1 10.0 2.5 2 0 4 2 2
6197.0 6572.3 -9.8 0 0 57.0 15.7 7.5 2.5 2 0 3 5 5
6259.9 6710.0 -10.0 282 0 16.3 55.4 7.5 2.5 2 1 3 0 0
-6288.5 1566.6 -3.5 3 0 129.7 74.5 10.0 0.0 0 0 4 4 4
-1617.3 982.5 -0.5 90 0 49.3 116.3 12.5 0.0 0 1 5 5 5
-3383.8 -6968.4 -3.9 1 0 22.1 14.1 7.5 2.5 2 0 3 0 0
-4163.0 -6610.4 -4.0 35 0 10.9 6.6 5.0 2.5 4 0 2 5 5
1510.7 -5913.4 -2.3 269 0 15.3 73.2 10.0 2.5 2 1 4 1 1
1568.5 -6135.9 -2.5 179 0 73.2 15.3 12.5 2.5 2 0 5 5 5
1573.2 -5912.5 -2.3 269 0 15.3 73.2 7.5 2.5 2 1 3 4 4
1602.6 -6005.5 -2.4 269 0 15.2 73.2 10.0 2.5 2 1 4 0 0
1727.1 -5910.5 -2.3 269 0 15.3 73.2 10.0 0.0 0 1 4 1 1
1601.5 -5912.2 -2.3 269 0 15.2 73.2 7.5 2.5 2 1 3 0 0
1605.9 -6265.5 -2.6 89 0 15.3 73.2 7.5 2.5 2 1 3 2 2
1635.6 -5911.7 -2.3 269 0 15.3 73.2 7.5 2.5 2 1 3 3 3
1472.9 -6230.6 -2.6 179 0 73.2 15.3 7.5 2.5 2 0 3 1 1
1664.4 -5911.5 -2.3 269 0 15.3 73.2 7.5 2.5 2 1 3 4 4
1534.3 -6136.4 -2.5 179 0 73.2 15.3 7.5 2.5 2 0 3 3 3
1698.5 -5911.0 -2.3 269 0 15.2 73.2 7.5 2.5 2 1 3 0 0
1709.0 -6134.3 -2.5 359 0 73.2 15.3 7.5 2.5 2 0 3 1 1
1736.2 -6040.3 -2.4 359 0 73.2 15.3 7.5 2.5 2 0 3 3 3
1765.7 -6263.2 -2.6 89 0 15.3 73.2 10.0 2.5 2 1 4 3 3
1707.6 -6040.8 -2.4 359 0 73.2 15.3 7.5 2.5 2 0 3 5 5
1504.5 -6043.4 -2.4 179 0 73.2 15.3 7.5 2.5 2 0 3 0 0
1577.6 -6265.7 -2.6 89 0 15.2 73.2 10.0 2.5 4 1 4 2 2
1702.9 -6264.3 -2.6 89 0 15.3 73.2 5.0 2.5 2 1 2 3 3
1665.4 -6004.8 -2.4 269 0 15.3 73.2 10.0 2.5 2 1 4 3 3
1639.0 -6171.7 -2.5 89 0 15.3 73.2 5.0 2.5 2 1 2 5 5
1539.0 -5913.0 -2.3 269 0 15.3 73.2 7.5 2.5 2 1 3 4 4
1667.7 -6171.5 -2.5 89 0 15.3 73.2 5.0 2.5 2 1 2 3 3
1505.9 -6136.8 -2.5 179 0 73.2 15.3 7.5 2.5 2 0 3 0 0
1469.3 -5950.6 -2.3 179 0 73.2 15.3 7.5 2.5 2 0 3 0 0
1636.7 -6005.0 -2.4 269 0 15.3 73.2 10.0 2.5 2 1 4 1 1
1543.5 -6266.2 -2.6 89 0 15.3 73.2 7.5 2.5 2 1 3 5 5
1668.8 -6264.8 -2.6 89 0 15.3 73.2 10.0 2.5 4 1 4 0 0
1532.9 -6043.0 -2.4 179 0 73.2 15.3 10.0 2.5 2 0 4 3 3
1604.8 -6172.2 -2.5 89 0 15.3 73.2 5.0 0.0 0 1 2 3 3
1567.0 -6042.4 -2.4 179 0 73.2 15.3 10.0 2.5 2 0 4 1 1
1898.5 -6084.5 -2.5 179 0 27.8 45.0 7.5 0.0 0 1 3 3 3
1763.7 -6096.7 -2.5 269 0 15.3 73.2 15.0 2.5 2 1 6 2 2
1825.8 -6149.6 -2.5 359 0 18.9 24.7 10.0 2.5 2 1 4 0 0
1471.8 -6137.4 -2.5 179 0 73.2 15.3 7.5 2.5 2 0 3 2 2
1470.4 -6043.9 -2.4 179 0 73.2 15.3 7.5 2.5 2 0 3 2 2
1731.5 -6263.7 -2.6 89 0 15.2 73.2 10.0 2.5 2 1 4 4 4
1769.3 -5946.4 -2.3 359 0 73.2 15.3 10.0 2.5 2 0 4 3 3
1640.0 -6264.9 -2.6 89 0 15.3 73.2 10.0 2.5 2 1 4 1 1
1770.4 -6039.7 -2.4 359 0 73.2 15.3 10.0 2.5 2 0 4 5 5
1515.1 -6266.6 -2.6 89 0 15.3 73.2 10.0 2.5 2 1 4 5 5
1737.7 -6133.7 -2.5 359 0 73.2 15.3 10.0 2.5 2 0 4 3 3
5422.5 -6158.3 -4.6 271 0 17.1 18.6 7.5 2.5 2 1 3 0 0
5431.7 -6192.3 -4.7 0 0 10.2 30.1 7.5 2.5 4 1 3 2 2
-2946.8 -2011.7 -0.2 1 0 19.2 22.0 10.0 2.5 2 1 4 3 3
-2735.4 -2577.4 -0.3 334 0 18.4 73.1 7.5 2.5 2 1 3 0 0
-2948.4 -1773.5 -0.1 92 0 15.9 20.2 7.5 2.5 2 1 3 4 4
-2949.1 -2370.3 -0.3 272 0 21.7 17.3 7.5 2.5 2 0 3 1 1
-2904.2 -2157.3 -0.2 62 0 23.0 24.1 7.5 2.5 2 1 3 3 3
-2897.7 -1773.3 -0.1 62 0 12.7 19.1 10.0 0.0 0 1 4 1 1
-2879.2 -2536.5 -0.3 244 0 38.6 51.0 10.0 0.0 0 1 4 5 5
-2889.5 -2837.9 -0.5 2 0 29.6 69.0 7.5 0.0 0 1 3 1 1
-2935.9 -1968.1 -0.1 359 0 18.8 18.9 7.5 2.5 2 1 3 2 2
-2944.3 -2344.3 -0.3 92 0 34.1 41.0 7.5 0.0 0 1 3 4 4
-2848.3 -2622.5 -0.3 244 0 72.6 19.0 7.5 2.5 2 0 3 0 0
-2953.0 -2568.2 -0.4 2 0 78.9 18.1 12.5 2.5 4 0 5 4 4
-2978.9 -2730.7 -0.4 156 0 7.1 32.7 7.5 2.5 2 1 3 3 3
-2951.6 -1814.5 -0.1 92 0 28.0 22.3 10.0 0.0 0 0 4 0 0
-2881.8 -2498.5 -0.3 153 0 26.5 38.1 10.0 2.5 2 1 4 2 2
-2948.4 -2650.4 -0.4 272 0 14.3 22.1 10.0 0.0 0 1 4 3 3
-6696.9 6576.0 -7.0 93 0 15.6 34.9 7.5 2.5 2 1 3 3 3
-5006.3 6631.1 -5.5 91 0 9.7 26.6 7.5 2.5 2 1 3 1 1
-6610.2 6533.4 -6.8 272 0 119.0 10.7 7.5 2.5 2 0 3 0 0
-6542.3 6788.9 -7.3 2 0 35.8 58.0 10.0 0.0 0 1 4 1 1
-6022.1 6776.4 -6.6 3 0 27.3 16.8 10.0 2.5 2 0 4 0 0
-5762.9 7006.2 -7.3 182 0 29.7 11.2 7.5 2.5 2 0 3 5 5
-4620.5 6900.5 -6.4 272 0 10.7 21.9 15.0 0.0 0 1 6 3 3
-4985.6 6669.3 -5.6 2 0 13.9 57.4 5.0 2.5 4 1 2 2 2
-6083.4 6478.8 -5.8 2 0 32.9 12.2 7.5 2.5 2 0 3 2 2
-6587.2 6738.4 -7.1 181 0 23.3 14.4 7.5 2.5 2 0 3 5 5
-3208.6 7076.7 -6.6 92 0 15.4 48.1 7.5 2.5 2 1 3 1 1
-4837.9 6578.0 -5.1 182 0 31.4 11.0 10.0 2.5 2 0 4 0 0
-4025.8 6703.2 -4.8 182 0 11.5 37.3 7.5 2.5 2 1 3 1 1
-5963.3 6625.4 -6.4 1 0 19.5 17.8 10.0 2.5 2 0 4 0 0
-6724.0 6576.5 -7.0 93 0 14.6 33.9 10.0 2.5 2 1 4 2 2
-5953.4 6928.9 -6.7 2 0 9.1 29.2 7.5 2.5 2 1 3 3 3
-5005.5 6537.2 -5.1 92 0 23.7 21.9 10.0 2.5 2 0 4 0 0
-4857.7 6540.8 -4.9 92 0 51.5 15.3 7.5 0.0 0 0 3 2 2
-5024.4 6632.0 -5.6 92 0 9.0 25.9 5.0 2.5 2 1 2 5 5
-6398.1 6674.1 -6.8 182 0 19.7 8.5 5.0 2.5 2 0 2 3 3
-5623.6 6676.2 -6.0 272 0 6.4 36.5 5.0 2.5 2 1 2 3 3
-5605.4 6508.3 -5.4 272 0 76.8 14.7 7.5 2.5 2 0 3 4 4
-5991.7 6569.2 -6.3 181 0 26.5 27.7 10.0 0.0 0 1 4 1 1
-6276.0 6723.3 -6.8 3 0 28.6 15.2 7.5 2.5 2 0 3 5 5
-3712.5 7251.3 -7.6 181 0 18.5 25.7 5.0 2.5 2 1 2 2 2
-4755.3 6590.9 -5.2 272 0 11.2 31.6 7.5 0.0 0 1 3 1 1
-3524.3 7160.8 -7.1 181 0 31.8 13.3 7.5 2.5 2 0 3 0 0
-6097.5 6523.6 -6.0 271 0 75.8 9.9 7.5 0.0 0 0 3 0 0
-4041.8 6765.9 -5.0 1 0 24.5 75.0 10.0 0.0 0 1 4 3 3
-6336.2 6699.5 -6.8 270 0 12.0 19.8 10.0 2.5 2 1 4 2 2
-4770.7 6591.9 -5.1 272 0 12.1 32.5 7.5 0.0 0 1 3 2 2
-4815.9 6592.5 -5.1 272 0 11.2 31.6 10.0 2.5 2 1 4 1 1
-6046.6 7015.0 -7.2 2 0 29.4 10.6 10.0 2.5 2 0 4 1 1
-4741.0 6590.2 -5.2 271 0 11.4 24.1 7.5 2.5 2 1 3 2 2
-6176.3 6520.8 -6.1 272 0 21.7 16.0 10.0 2.5 2 0 4 3 3
-6127.2 6772.0 -6.7 180 0 16.8 21.2 7.5 2.5 2 1 3 3 3
-5508.2 6600.6 -5.7 182 0 28.6 11.7 10.0 2.5 2 0 4 3 3
-6258.7 6785.5 -7.0 182 0 38.0 82.0 7.5 0.0 0 1 3 4 4
-6261.3 6527.9 -6.3 272 0 13.3 21.1 7.5 2.5 2 1 3 5 5
-4856.5 6576.6 -5.1 1 0 28.3 9.5 7.5 2.5 4 0 3 1 1
-3763.1 7177.8 -7.2 2 0 21.6 24.3 10.0 2.5 2 1 4 5 5
-4800.5 6593.0 -5.1 272 0 12.3 32.6 7.5 2.5 2 1 3 3 3
-5821.7 7510.0 -10.2 272 0 21.0 14.4 10.0 2.5 2 0 4 2 2
-6693.3 6676.9 -7.1 92 0 11.7 28.3 10.0 2.5 4 1 4 5 5
-4790.4 6461.1 -4.7 92 0 10.4 28.6 7.5 2.5 2 1 3 4 4
-3338.4 7273.1 -7.6 183 0 24.1 23.9 10.0 2.5 2 0 4 3 3
-4834.8 6624.1 -5.3 181 0 9.9 26.5 7.5 0.0 0 1 3 0 0
-5655.9 6656.2 -6.1 2 0 32.9 14.9 10.0 2.5 2 0 4 4 4
-6518.1 6723.9 -7.0 272 0 21.7 13.1 7.5 2.5 2 0 3 4 4
-5228.8 6775.9 -6.0 92 0 13.0 19.5 5.0 2.5 4 1 2 1 1
-6705.6 6795.5 -7.5 181 0 35.1 15.1 7.5 2.5 2 0 3 0 0
-4969.4 6580.5 -5.2 182 0 27.3 9.0 7.5 2.5 2 0 3 5 5
-5938.2 7551.7 -10.4 92 0 45.2 19.1 10.0 2.5 2 0 4 5 5
-5690.1 6472.8 -5.4 183 0 23.0 12.2 10.0 0.0 0 0 4 4 4
-4025.2 6720.9 -4.8 181 0 10.4 36.9 12.5 2.5 2 1 5 4 4
-4785.6 6592.4 -5.1 272 0 12.1 32.4 7.5 2.5 2 1 3 1 1
-956.5 7045.8 -6.3 183 0 50.1 110.9 10.0 0.0 0 1 4 2 2
-2731.8 6733.7 -4.4 271 0 10.4 13.6 7.5 2.5 2 1 3 5 5
-2684.5 6524.6 -3.6 181 0 35.2 13.6 10.0 2.5 2 0 4 5 5
215.8 6956.1 -6.3 271 0 10.7 31.4 10.0 2.5 4 1 4 5 5
262.0 7091.2 -8.1 98 0 35.8 49.7 10.0 0.0 0 1 4 5 5
3303.4 6095.3 -4.2 0 0 52.9 12.1 14.0 3.5 2 0 4 5 5
1533.7 6749.8 -5.3 2 0 15.2 13.3 2.5 2.5 2 0 1 2 2
175.6 6939.9 -6.1 181 0 31.6 11.0 10.0 2.5 2 0 4 0 0
3069.2 6096.3 -4.6 0 0 56.1 25.8 14.0 3.5 4 0 4 1 1
-3306.2 6767.0 -5.1 1 0 55.1 13.4 10.0 0.0 0 0 4 3 3
261.2 6994.2 -6.5 270 0 17.8 30.4 7.5 2.5 2 1 3 1 1
-2729.5 7006.1 -5.2 91 0 36.7 21.4 7.5 0.0 0 0 3 3 3
-2848.2 7207.2 -6.8 271 0 29.0 12.3 7.5 2.5 2 0 3 2 2
-3233.5 6941.1 -5.9 182 0 18.7 60.6 7.5 2.5 2 1 3 0 0
-232.2 7120.3 -7.4 2 0 15.8 25.3 10.0 2.5 2 1 4 5 5
525.6 6941.1 -6.0 1 0 44.4 15.3 10.0 2.5 2 0 4 3 3
-216.2 7124.6 -7.5 182 0 21.7 47.3 7.5 0.0 0 1 3 2 2
-1185.2 7067.9 -6.0 271 0 21.3 27.8 5.0 0.0 0 1 2 4 4
-3129.6 6706.4 -4.6 2 0 27.0 44.4 10.0 0.0 0 1 4 5 5
1526.0 6777.9 -5.6 0 0 6.1 10.3 5.0 2.5 4 1 2 0 0
-3278.1 6679.5 -4.8 92 0 17.8 46.5 5.0 2.5 2 1 2 3 3
-2665.2 7035.5 -5.3 272 0 25.0 12.6 7.5 2.5 2 0 3 1 1
3062.6 6148.4 -4.8 90 0 36.4 14.4 10.5 3.5 4 0 3 5 5
-2980.6 7203.4 -7.0 182 0 34.5 11.7 10.0 2.5 2 0 4 3 3
249.1 6955.3 -6.4 271 0 10.1 30.7 10.0 2.5 2 1 4 5 5
3358.8 6852.5 -7.4 359 0 17.3 15.4 10.5 3.5 2 0 3 4 4
-2584.3 7177.2 -6.7 92 0 15.5 53.5 10.0 2.5 2 1 4 0 0
-2656.9 7119.4 -6.5 91 0 13.8 38.0 10.0 2.5 4 1 4 0 0
3061.1 5843.3 -3.4 150 0 27.8 12.8 14.0 3.5 4 0 4 1 1
-3232.1 6979.6 -6.0 182 0 18.1 60.0 10.0 2.5 2 1 4 5 5
-1104.4 7058.5 -6.3 182 0 21.4 22.1 12.5 2.5 2 1 5 1 1
2997.4 6210.8 -5.2 359 0 11.0 21.2 14.0 3.5 2 1 4 3 3
173.4 6964.0 -6.3 90 0 26.8 36.6 10.0 0.0 0 1 4 5 5
-2895.1 7204.7 -6.9 182 0 12.8 29.8 10.0 0.0 0 1 4 4 4
3334.4 6447.4 -5.6 269 0 19.4 20.0 14.0 3.5 2 1 4 1 1
248.6 6915.2 -6.2 271 0 10.1 19.3 7.5 2.5 2 1 3 4 4
-3000.4 7097.2 -6.2 2 0 32.7 13.6 7.5 2.5 2 0 3 3 3
-874.4 6972.2 -5.6 2 0 30.6 37.1 7.5 0.0 0 1 3 1 1
1570.5 6661.8 -5.0 180 0 39.5 12.0 7.5 2.5 2 0 3 2 2
-126.1 7161.3 -8.1 90 0 20.9 17.5 10.0 0.0 0 0 4 1 1
215.1 6915.8 -6.1 271 0 10.1 19.4 5.0 0.0 0 1 2 1 1
3370.4 6439.6 -5.5 270 0 10.1 30.2 10.5 3.5 4 1 3 5 5
3338.0 6084.1 -4.0 179 0 21.9 23.4 17.5 3.5 2 1 5 4 4
1518.0 6689.5 -5.0 181 0 28.1 10.9 7.5 2.5 2 0 3 0 0
3137.2 6512.3 -6.3 98 0 37.5 15.1 14.0 3.5 2 0 4 2 2
-3261.6 6891.5 -5.4 2 0 44.4 26.8 10.0 0.0 0 0 4 2 2
501.9 6961.7 -6.1 1 0 17.1 35.1 7.5 2.5 2 1 3 0 0
-2994.1 7065.6 -6.0 2 0 12.8 47.5 7.5 2.5 2 1 3 2 2
-3382.0 6809.0 -5.2 182 0 15.5 37.7 10.0 2.5 2 1 4 2 2
-3229.1 6900.2 -5.6 182 0 46.7 21.8 7.5 2.5 4 0 3 4 4
-3068.8 7043.2 -6.0 272 0 21.7 12.5 7.5 2.5 4 0 3 0 0
-3284.7 6765.6 -5.0 182 0 54.0 18.3 12.5 2.5 4 0 5 5 5
3111.4 6508.4 -6.3 90 0 10.4 28.8 14.0 3.5 2 1 4 3 3
3178.2 5717.6 -3.3 269 0 13.6 17.6 14.0 3.5 2 1 4 5 5
1534.2 6796.7 -5.9 1 0 13.1 17.0 5.0 2.5 2 1 2 3 3
3289.2 6779.5 -7.2 269 0 13.8 21.1 14.0 3.5 2 1 4 3 3
3293.8 6826.0 -7.4 1 0 50.8 11.2 14.0 3.5 4 0 4 3 3
3299.7 6702.5 -6.9 268 0 15.9 27.5 10.5 3.5 2 1 3 2 2
3216.9 6545.1 -6.2 188 0 15.5 37.0 14.0 3.5 2 1 4 2 2
169.9 6940.7 -6.0 1 0 31.0 10.4 10.0 2.5 2 0 4 4 4
-3181.9 6873.3 -5.6 91 0 12.4 49.4 7.5 2.5 2 1 3 3 3
-2667.3 6912.2 -4.6 272 0 20.5 12.3 10.0 2.5 2 0 4 4 4
3308.6 6728.3 -7.0 0 0 10.1 27.3 14.0 3.5 2 1 4 2 2
-3040.8 7098.2 -6.3 182 0 31.8 12.7 12.5 0.0 0 0 5 0 0
238.0 6939.8 -6.4 1 0 31.9 11.3 10.0 2.5 2 0 4 1 1
-2735.9 7316.6 -7.5 2 0 20.6 42.2 5.0 2.5 2 1 2 3 3
3018.5 6256.0 -5.3 0 0 8.3 12.0 10.5 3.5 2 1 3 3 3
1529.7 6719.8 -5.1 1 0 28.4 11.2 5.0 2.5 2 0 2 2 2
-31.2 7125.0 -7.7 359 0 17.4 6.4 5.0 2.5 2 0 2 1 1
3085.1 6575.3 -6.3 0 0 25.1 25.0 14.0 0.0 0 0 4 4 4
3303.4 6153.6 -4.4 0 0 52.0 11.2 14.0 3.5 2 0 4 4 4
-3308.4 6705.1 -4.9 1 0 54.0 12.2 7.5 2.5 2 0 3 1 1
192.4 6939.9 -6.2 181 0 31.9 11.3 7.5 2.5 2 0 3 4 4
163.9 6916.1 -5.8 271 0 9.5 18.7 7.5 2.5 2 1 3 3 3
3031.7 6646.0 -6.6 8 0 14.5 12.1 14.0 0.0 0 0 4 3 3
231.6 6915.8 -6.2 271 0 10.1 19.3 2.5 0.0 0 1 1 2 2
3246.1 6499.4 -6.0 98 0 30.3 13.2 14.0 3.5 2 0 4 5 5
223.8 7000.4 -6.5 270 0 26.5 36.2 7.5 0.0 0 1 3 5 5
-918.0 6973.3 -5.7 2 0 31.8 38.2 12.5 0.0 0 1 5 5 5
-3230.1 7031.1 -6.3 181 0 11.5 72.8 7.5 2.5 2 1 3 3 3
3039.5 5595.6 -3.1 179 0 16.3 8.7 10.5 0.0 0 0 3 5 5
-3231.6 7004.9 -6.2 182 0 12.8 72.5 7.5 2.5 2 1 3 2 2
-2739.0 6962.1 -4.8 182 0 9.9 24.5 7.5 2.5 2 1 3 5 5
3289.5 6402.5 -5.5 360 0 9.6 17.5 10.5 3.5 2 1 3 4 4
844.6 6789.5 -6.0 91 0 10.9 30.6 7.5 2.5 2 1 3 0 0
260.5 6939.5 -6.3 181 0 29.9 9.3 7.5 2.5 2 0 3 0 0
-3080.1 7012.8 -5.9 182 0 11.8 20.9 7.5 2.5 2 1 3 0 0
-3225.1 6708.3 -4.7 182 0 28.1 45.5 7.5 0.0 0 1 3 0 0
-3263.4 6821.8 -5.2 2 0 43.5 21.3 10.0 2.5 4 0 4 5 5
-6192.0 -2645.4 -2.7 360 0 29.6 38.3 7.5 0.0 0 1 3 0 0
-6169.6 -2259.5 -2.6 180 0 15.5 18.6 7.5 2.5 2 1 3 4 4
-6149.2 -4996.4 -4.8 90 0 25.5 15.2 10.0 2.5 2 0 4 3 3
-6127.7 -2225.6 -2.5 91 0 14.9 26.8 10.0 2.5 2 1 4 0 0
-6170.1 -4036.0 -3.4 224 0 24.2 25.1 7.5 0.0 0 1 3 3 3
-6043.5 -3026.6 -2.8 179 0 19.5 19.4 7.5 2.5 2 0 3 5 5
-6060.7 -2445.3 -2.5 89 0 17.1 31.8 12.5 2.5 2 1 5 4 4
-6420.1 -5101.3 -5.2 179 0 17.1 110.8 10.0 0.0 0 1 4 4 4
-5897.5 -3045.5 -2.6 360 0 20.8 10.1 5.0 2.5 2 0 2 0 0
-6245.0 -3702.1 -3.3 269 0 57.9 8.0 7.5 2.5 2 0 3 5 5
-6224.9 -7851.3 -7.0 272 0 28.7 19.2 10.0 2.5 2 0 4 3 3
-6186.6 -5090.6 -5.2 270 0 61.3 18.4 7.5 2.5 2 0 3 4 4
-6147.0 -3303.1 -3.0 0 0 16.6 13.8 5.0 2.5 2 0 2 4 4
-6122.9 -7997.4 -7.1 272 0 23.7 20.0 10.0 2.5 2 0 4 0 0
-6042.6 -3767.5 -3.1 89 0 7.9 30.5 7.5 2.5 2 1 3 5 5
-6399.2 -5079.0 -5.0 45 0 4.7 66.3 7.5 2.5 4 1 3 2 2
-5985.3 -4663.8 -3.7 358 0 9.9 15.0 5.0 2.5 2 1 2 3 3
-6334.0 -5165.5 -5.2 89 0 79.1 5.1 7.5 2.5 2 0 3 1 1
-6308.5 -5125.0 -5.1 359 0 9.7 111.7 7.5 2.5 2 1 3 1 1
-6103.1 -7795.6 -6.9 359 0 27.8 12.2 7.5 0.0 0 0 3 3 3
-6124.6 -7796.1 -6.9 359 0 30.5 14.9 7.5 2.5 2 0 3 4 4
-6218.4 -3431.4 -3.1 180 0 106.1 16.0 12.5 0.0 0 0 5 3 3
-5931.0 -2992.3 -2.6 181 0 11.1 20.5 7.5 2.5 2 1 3 0 0
-6212.8 -3746.5 -3.3 360 0 9.1 64.3 7.5 2.5 4 1 3 1 1
-6299.7 -5100.9 -5.2 179 0 18.3 76.3 7.5 2.5 2 1 3 3 3
-6186.5 -3647.0 -3.2 180 0 34.9 26.6 10.0 0.0 0 0 4 0 0
-6420.1 -5146.5 -5.3 179 0 5.9 111.6 7.5 2.5 2 1 3 2 2
-5902.6 -7790.9 -6.7 178 0 41.8 13.5 7.5 2.5 2 0 3 3 3
-6134.3 -4966.5 -4.6 89 0 9.1 37.0 7.5 2.5 4 1 3 3 3
-6124.6 -7872.4 -7.0 90 0 14.9 23.5 10.0 2.5 2 1 4 5 5
-6159.1 -2550.6 -2.7 358 0 19.5 11.4 7.5 2.5 2 0 3 5 5
-6438.4 -9576.0 -9.6 273 0 19.9 10.9 5.0 2.5 4 0 2 5 5
-6116.7 -2096.1 -2.4 270 0 22.4 28.3 7.5 0.0 0 1 3 3 3
-6212.1 -3732.6 -3.3 360 0 9.8 65.0 7.5 2.5 2 1 3 0 0
-6105.0 -7695.4 -6.7 271 0 12.0 9.1 2.5 2.5 2 0 1 2 2
-6428.6 -5127.8 -5.2 0 0 55.0 3.7 7.5 2.5 2 0 3 1 1
-6212.9 -3719.5 -3.3 0 0 6.9 64.3 7.5 0.0 0 1 3 4 4
-6273.0 -3598.5 -3.3 0 0 19.4 10.4 5.0 2.5 2 0 2 2 2
-6429.8 -5095.6 -5.1 39 0 4.3 63.3 7.5 2.5 2 1 3 2 2
-6215.1 -3760.4 -3.3 360 0 9.0 58.9 7.5 2.5 2 1 3 5 5
-6405.6 -5166.0 -5.2 90 0 52.2 4.7 2.5 2.5 2 0 1 2 2
-6145.7 -3207.8 -2.9 90 0 10.9 28.0 7.5 2.5 2 1 3 2 2
-6199.9 -5078.0 -5.2 89 0 47.0 15.5 7.5 2.5 2 0 3 3 3
-6108.1 -8048.5 -7.2 3 0 11.3 25.8 7.5 2.5 2 1 3 5 5
-6056.8 -4733.8 -3.8 179 0 31.3 14.1 7.5 2.5 2 0 3 1 1
-6335.5 -2198.2 -2.7 3 0 14.7 41.5 7.5 2.5 4 1 3 0 0
-6206.8 -1780.7 -2.4 92 0 33.2 14.4 10.0 0.0 0 0 4 3 3
-6341.2 -437.1 -2.3 1 0 31.0 9.9 7.5 2.5 2 0 3 0 0
-6365.4 -816.0 -2.4 2 0 23.2 15.7 7.5 2.5 2 0 3 0 0
-6625.0 -2029.5 -2.9 183 0 31.1 37.0 10.0 0.0 0 1 4 0 0
-5925.0 -1035.8 -2.0 271 0 11.7 16.5 5.0 2.5 2 1 2 1 1
-5943.3 -985.3 -2.0 271 0 23.5 21.5 12.5 2.5 2 0 5 2 2
-6325.6 -1692.1 -2.5 2 0 49.7 12.8 10.0 2.5 2 0 4 4 4
-6229.9 -729.4 -2.3 90 0 10.9 14.2 7.5 2.5 2 1 3 5 5
-5982.4 -995.7 -2.1 181 0 21.6 23.6 7.5 2.5 2 1 3 4 4
-6399.3 -2199.0 -2.8 1 0 22.2 28.9 10.0 0.0 0 1 4 2 2
-6228.7 -631.9 -2.2 271 0 10.9 15.2 7.5 2.5 2 1 3 2 2
-6389.0 -1398.0 -2.6 3 0 45.7 49.3 12.5 0.0 0 1 5 1 1
-6115.9 -2323.9 -2.5 360 0 11.2 6.9 7.5 2.5 2 0 3 4 4
-6343.3 -1281.6 -2.5 180 0 20.3 34.0 10.0 0.0 0 1 4 3 3
-6015.5 -949.4 -2.1 271 0 21.1 23.7 7.5 2.5 2 1 3 1 1
-5870.5 -1004.3 -2.0 271 0 22.4 25.0 12.5 2.5 4 1 5 4 4
-6141.0 -771.4 -2.2 271 0 10.4 20.3 5.0 2.5 2 1 2 3 3
-6005.4 -989.6 -2.1 1 0 24.0 21.5 10.0 2.5 2 0 4 1 1
-6607.6 -2114.5 -2.9 97 0 36.8 62.7 12.5 0.0 0 1 5 4 4
-5882.0 -1044.4 -2.0 181 0 25.2 22.7 12.5 2.5 2 0 5 5 5
-6366.7 -2072.5 -2.7 3 0 16.6 8.3 2.5 2.5 2 0 1 3 3
-6396.0 -365.4 -2.4 2 0 10.0 26.8 7.5 2.5 2 1 3 0 0
-6371.1 -1479.6 -2.6 3 0 34.5 70.7 10.0 0.0 0 1 4 4 4
-5903.5 -996.9 -2.0 1 0 21.8 23.8 7.5 2.5 2 1 3 3 3
-1135.9 6792.3 -4.4 270 0 51.0 9.9 7.5 2.5 2 0 3 1 1
3679.3 6089.6 -3.4 181 0 16.2 16.2 17.5 3.5 2 0 5 5 5
-339.2 1155.4 -0.3 5 0 26.2 73.0 10.0 0.0 0 1 4 3 3
-1422.8 931.1 -0.4 90 0 14.7 12.3 2.5 2.5 2 0 1 5 5
3818.9 3147.4 -3.9 88 0 20.0 45.2 14.0 3.5 2 1 4 1 1
-2171.6 7191.3 -6.5 181 0 28.0 20.2 5.0 2.5 2 0 2 3 3
3803.1 3396.3 -4.2 223 0 9.4 20.4 10.5 3.5 2 1 3 2 2
3975.0 -6920.8 -4.2 90 0 21.8 15.8 10.0 0.0 0 0 4 4 4
-1182.4 6792.6 -4.5 271 0 32.4 9.6 7.5 2.5 2 0 3 1 1
3690.7 -1930.4 -0.5 271 0 29.0 63.3 10.0 0.0 0 1 4 3 3
3841.2 2775.0 -2.6 358 0 72.9 20.1 14.0 3.5 2 0 4 1 1
3786.7 4846.3 -2.9 358 0 32.8 13.9 17.5 3.5 2 0 5 0 0
-944.5 -2423.2 0.3 179 0 33.4 5.3 7.5 2.5 2 0 3 5 5
-2956.5 7345.4 -8.1 1 0 10.2 22.1 5.0 2.5 2 1 2 1 1
-1101.9 1088.2 -0.4 91 0 20.4 31.2 12.5 0.0 0 1 5 4 4
-1199.3 6834.4 -4.7 5 0 73.3 6.1 7.5 2.5 2 0 3 0 0
-1563.3 7231.0 -7.4 1 0 10.4 25.5 5.0 2.5 4 1 2 5 5
-4048.5 8729.8 -10.9 2 0 53.2 29.5 10.0 0.0 0 0 4 4 4
-1703.9 6972.0 -5.7 144 0 9.3 30.0 7.5 2.5 2 1 3 3 3
3756.5 6502.1 -6.4 279 0 21.0 10.8 17.5 0.0 0 0 5 5 5
3587.7 4780.0 -2.1 269 0 14.6 19.0 14.0 3.5 2 1 4 2 2
-1700.5 7159.3 -6.7 95 0 24.0 10.7 10.0 2.5 2 0 4 4 4
3934.7 2977.4 -3.1 90 0 22.0 18.9 10.5 3.5 2 0 3 1 1
3760.1 -5205.2 -2.4 88 0 23.7 36.1 7.5 0.0 0 1 3 2 2
-286.7 1282.3 -0.3 270 0 5.6 90.3 7.5 2.5 2 1 3 1 1
3796.0 6944.6 -8.1 90 0 13.8 27.8 14.0 3.5 2 1 4 0 0
-6167.8 8702.5 -12.5 92 0 24.9 53.4 10.0 2.5 2 0 4 0 0
-444.4 1006.3 -0.3 180 0 29.3 17.6 7.5 2.5 2 0 3 0 0
-2822.8 7092.9 -5.9 2 0 11.4 22.6 10.0 2.5 2 1 4 3 3
-1148.4 6874.2 -4.6 271 0 13.0 73.5 7.5 2.5 2 1 3 0 0
-2466.1 8182.4 -9.1 93 0 22.9 13.9 10.0 2.5 2 0 4 5 5
-289.1 1290.7 -0.3 94 0 41.3 8.0 5.0 2.5 2 0 2 4 4
-264.3 1236.3 -0.3 360 0 90.6 12.5 7.5 2.5 2 0 3 1 1
3694.7 6339.6 -4.9 268 0 12.2 17.1 17.5 3.5 2 1 5 0 0
3575.9 6389.3 -5.3 0 0 21.4 14.9 14.0 3.5 2 0 4 4 4
3671.9 4814.3 -2.8 178 0 6.4 26.1 10.5 3.5 4 1 3 5 5
-6046.5 8635.5 -12.0 272 0 29.8 11.9 10.0 2.5 2 0 4 4 4
3572.6 5029.3 -2.4 269 0 12.7 67.5 14.0 0.0 0 1 4 0 0
-996.7 5414.0 -0.9 272 0 38.0 21.9 7.5 0.0 0 0 3 4 4
-1356.6 7152.0 -6.6 180 0 18.6 11.6 5.0 2.5 2 0 2 3 3
-1154.9 981.6 -0.4 360 0 21.9 74.3 7.5 0.0 0 1 3 0 0
-1128.9 6041.5 -3.1 271 0 80.9 17.8 7.5 2.5 2 0 3 5 5
-1186.7 6801.0 -4.6 91 0 8.4 73.2 7.5 0.0 0 1 3 5 5
-1363.0 5406.4 -2.7 269 0 182.1 20.1 10.0 0.0 0 0 4 1 1
3530.6 6392.0 -5.3 180 0 24.8 15.2 17.5 3.5 2 0 5 3 3
-1084.1 6448.7 -1.5 2 0 21.5 9.6 5.0 2.5 2 0 2 5 5
4022.4 -7862.6 -5.3 91 0 77.6 40.1 7.5 0.0 0 0 3 5 5
-6054.0 8537.2 -12.7 181 0 37.7 12.5 10.0 2.5 2 0 4 2 2
3950.1 -3833.3 -1.5 271 0 18.1 17.9 10.0 2.5 2 0 4 1 1
3868.5 2025.1 -1.7 358 0 90.1 21.0 10.0 0.0 0 0 4 1 1
-1363.6 931.1 -0.4 90 0 14.1 11.6 5.0 2.5 2 0 2 5 5
-2630.1 7307.8 -7.2 1 0 15.5 13.8 7.5 2.5 2 0 3 1 1
-1002.5 -2438.3 0.3 90 0 84.8 25.5 7.5 0.0 0 0 3 2 2
-932.9 5411.6 -1.1 273 0 68.9 22.0 7.5 2.5 2 0 3 1 1
-1181.9 6884.3 -4.8 90 0 44.1 5.6 7.5 2.5 2 0 3 4 4
3667.0 -2089.7 -0.6 90 0 21.3 61.3 10.0 2.5 2 1 4 1 1
-978.1 2156.4 -0.6 269 0 36.7 16.3 5.0 2.5 4 0 2 5 5
-2352.1 8208.8 -9.0 183 0 11.8 16.2 5.0 2.5 4 1 2 3 3
-1022.2 4380.6 -3.0 103 0 32.5 19.8 10.0 0.0 0 0 4 2 2
-1125.5 6334.3 -1.7 88 0 20.2 32.4 7.5 0.0 0 1 3 5 5
-951.3 2022.0 -0.6 358 0 17.1 13.8 2.5 2.5 2 0 1 0 0
-1361.5 5363.9 -2.8 89 0 184.0 13.6 10.0 0.0 0 0 4 2 2
3817.2 3417.9 -4.2 270 0 6.4 15.0 10.5 3.5 2 1 3 0 0
-1371.9 5414.5 -2.6 89 0 218.0 17.9 10.0 0.0 0 0 4 1 1
3971.7 7429.6 -8.4 269 0 16.2 15.8 7.5 2.5 2 0 3 5 5
-982.7 2071.6 -0.6 89 0 22.6 32.6 10.0 0.0 0 1 4 0 0
-2177.2 7116.1 -6.2 180 0 33.3 10.6 7.5 2.5 2 0 3 5 5
-798.0 2966.3 -2.2 269 0 14.9 36.1 10.0 2.5 2 1 4 4 4
-819.5 2924.0 -2.2 89 0 23.7 19.0 12.5 2.5 2 0 5 0 0
-1696.8 7089.6 -6.2 271 0 13.3 8.8 7.5 2.5 2 0 3 0 0
3609.3 4810.3 -2.4 89 0 13.6 17.9 17.5 3.5 2 1 5 3 3
3890.2 -4213.2 -1.7 270 0 25.5 11.5 7.5 2.5 2 0 3 4 4
-6308.9 8543.2 -12.7 0 0 18.7 14.6 12.5 2.5 2 0 5 0 0
-995.7 2023.6 -0.6 180 0 26.2 10.1 7.5 2.5 2 0 3 0 0
3975.3 3105.0 -3.3 180 0 8.8 52.6 10.5 3.5 2 1 3 1 1
3838.0 2914.1 -3.0 360 0 36.3 21.0 14.0 0.0 0 0 4 2 2
3643.9 -3703.0 -1.3 180 0 23.3 30.8 12.5 0.0 0 1 5 2 2
3995.5 -6998.4 -4.3 91 0 15.4 31.3 7.5 2.5 2 1 3 1 1
4054.3 -7030.2 -4.4 90 0 8.7 11.0 7.5 2.5 2 1 3 0 0
-2923.0 7463.7 -8.9 182 0 11.7 24.4 10.0 2.5 2 1 4 0 0
-245.5 1287.9 -0.3 95 0 36.8 7.8 7.5 0.0 0 0 3 3 3
-1563.1 7252.8 -7.6 1 0 10.9 26.0 10.0 2.5 2 1 4 2 2
-1235.7 5352.0 -1.0 269 0 19.7 9.6 7.5 0.0 0 0 3 1 1
-1712.9 7091.3 -6.3 1 0 24.9 13.6 10.0 2.5 4 0 4 3 3
3547.8 5028.2 -2.4 269 0 12.4 67.2 17.5 3.5 2 1 5 0 0
3891.5 -4238.2 -1.8 269 0 16.8 14.2 2.5 2.5 2 0 1 3 3
3779.6 6417.9 -5.9 181 0 11.8 17.8 14.0 3.5 2 1 4 0 0
-1364.5 5356.3 -2.8 269 0 204.2 16.0 7.5 0.0 0 0 3 3 3
-866.6 1290.1 -0.4 1 0 76.7 14.4 10.0 0.0 0 0 4 0 0
-768.2 2967.6 -2.2 269 0 15.4 36.6 10.0 2.5 2 1 4 3 3
3659.1 3485.3 -3.8 180 0 16.3 25.0 14.0 0.0 0 1 4 5 5
-6269.8 8706.7 -12.6 92 0 24.0 52.6 10.0 2.5 2 0 4 0 0
3824.9 3349.7 -4.2 359 0 16.6 18.1 14.0 3.5 2 1 4 1 1
-1900.3 7110.3 -6.4 86 0 29.8 22.2 7.5 0.0 0 0 3 5 5
-1128.5 6800.5 -4.4 91 0 12.5 73.0 7.5 2.5 2 1 3 3 3
-978.5 -1984.3 0.4 180 0 12.5 21.7 10.0 2.5 2 1 4 3 3
-366.0 1296.7 -0.3 94 0 93.3 7.6 7.5 2.5 2 0 3 2 2
-236.3 1232.8 -0.3 0 0 87.1 5.8 7.5 2.5 2 0 3 5 5
-1204.2 5352.5 0.3 269 0 30.2 9.4 7.5 2.5 4 0 3 3 3
-954.8 5354.0 -1.6 272 0 133.1 12.7 15.0 0.0 0 0 6 1 1
-6241.3 8526.7 -12.7 89 0 13.0 12.8 5.0 2.5 4 0 2 1 1
-404.0 1263.2 -0.3 0 0 56.4 9.3 7.5 2.5 2 0 3 2 2
-258.1 1234.4 -0.3 180 0 90.1 8.8 7.5 2.5 4 0 3 0 0
-1093.4 5956.6 -3.0 1 0 17.4 77.9 7.5 2.5 2 1 3 1 1
3552.8 4900.1 -2.6 90 0 12.5 23.0 17.5 3.5 2 1 5 5 5
3546.4 4875.7 -2.5 358 0 33.7 21.3 17.5 0.0 0 0 5 4 4
-958.2 5380.2 -0.8 272 0 118.6 15.4 10.0 0.0 0 0 4 5 5
-1563.1 7265.5 -7.8 1 0 10.2 25.3 10.0 2.5 2 1 4 4 4
-1108.4 6850.6 -4.8 181 0 77.0 31.4 10.0 0.0 0 0 4 0 0
-907.5 1293.7 -0.4 1 0 76.1 13.7 10.0 2.5 2 0 4 0 0
3796.5 7009.2 -8.1 270 0 14.1 33.7 14.0 3.5 2 1 4 2 2
-846.6 1288.7 -0.4 360 0 70.5 13.8 5.0 2.5 2 0 2 2 2
-6060.1 8536.9 -12.7 1 0 37.7 12.5 10.0 2.5 2 0 4 3 3
-1132.6 6883.5 -4.7 91 0 44.1 5.8 7.5 0.0 0 0 3 4 4
-1206.4 -2148.6 0.4 269 0 44.9 15.8 7.5 0.0 0 0 3 4 4
-2835.3 7482.1 -9.1 272 0 13.8 41.7 10.0 0.0 0 1 4 4 4
-901.4 1292.3 -0.4 180 0 78.0 15.6 7.5 2.5 2 0 3 0 0
-1168.2 6874.9 -4.7 271 0 8.9 73.8 7.5 2.5 2 1 3 1 1
-2916.6 7336.1 -7.8 92 0 21.5 10.9 5.0 2.5 2 0 2 4 4
-2844.9 7430.6 -8.6 181 0 10.7 21.0 2.5 2.5 2 1 1 5 5
-2515.3 8686.7 -9.9 1 0 10.7 13.0 5.0 2.5 2 1 2 2 2
3858.8 2462.6 -1.8 90 0 13.0 24.1 10.0 0.0 0 1 4 0 0
3546.0 6563.1 -6.8 99 0 38.8 14.3 10.5 0.0 0 0 3 1 1
-1370.0 1208.6 -0.4 90 0 52.9 18.4 7.5 2.5 2 0 3 4 4
-2056.5 7024.2 -6.0 181 0 10.9 56.1 10.0 2.5 4 1 4 0 0
3584.2 4810.0 -2.2 89 0 13.8 18.2 17.5 3.5 2 1 5 4 4
4035.0 2684.9 -2.5 179 0 24.8 61.4 10.0 2.5 4 1 4 0 0
-404.1 1204.5 -0.3 0 0 56.1 9.0 7.5 2.5 2 0 3 4 4
-2821.9 7107.4 -6.0 2 0 12.2 23.4 7.5 2.5 2 1 3 4 4
-1973.1 7023.0 -6.1 1 0 12.0 16.9 7.5 0.0 0 1 3 1 1
3822.2 6806.5 -7.9 269 0 83.4 23.2 14.0 0.0 0 0 4 1 1
-986.3 2235.1 -0.6 268 0 24.2 48.9 10.0 2.5 2 1 4 2 2
3662.7 4823.9 -2.8 269 0 12.5 13.9 17.5 3.5 4 1 5 0 0
3698.6 6304.6 -4.6 269 0 13.3 12.3 14.0 3.5 2 0 4 1 1
4772.1 7307.5 -8.9 180 0 10.8 19.2 14.0 3.5 2 1 4 0 0
-1170.7 5995.8 -3.1 181 0 17.9 84.7 10.0 2.5 4 1 4 2 2
-973.0 3575.6 -2.2 179 0 27.8 18.4 7.5 2.5 2 0 3 1 1
3566.4 4888.6 -2.6 270 0 9.8 24.5 10.5 3.5 2 1 3 1 1
3993.3 -3601.9 -1.4 270 0 92.9 12.0 10.0 2.5 2 0 4 0 0
3603.9 5029.2 -2.4 269 0 26.3 67.1 14.0 0.0 0 1 4 5 5
3798.5 6439.3 -6.1 90 0 37.7 11.2 17.5 3.5 2 0 5 5 5
-255.5 1335.8 -0.3 250 0 19.1 16.9 10.0 2.5 4 0 4 1 1
-1010.6 3612.6 -2.3 358 0 28.1 18.9 10.0 2.5 2 0 4 2 2
3606.9 6389.3 -5.3 0 0 21.6 15.1 17.5 3.5 2 0 5 2 2
3547.4 6641.5 -7.5 268 0 10.9 11.2 14.0 3.5 2 1 4 3 3
3555.4 3493.2 -3.2 270 0 30.0 18.2 10.5 3.5 2 0 3 1 1
4072.0 7533.9 -8.3 181 0 11.9 29.5 14.0 3.5 2 1 4 0 0
-951.4 5422.1 -1.9 92 0 129.7 13.1 7.5 0.0 0 0 3 2 2
5839.8 4780.1 -5.5 180 0 149.0 42.6 15.0 0.0 0 0 6 5 5
5129.3 6835.3 -8.9 359 0 21.6 11.6 14.0 3.5 2 0 4 4 4
5278.1 6070.6 -4.5 269 0 15.2 19.0 14.0 3.5 2 1 4 5 5
5290.3 5973.3 -4.3 90 0 8.5 30.3 10.5 3.5 2 1 3 2 2
5396.0 3266.0 -4.3 182 0 15.7 26.4 10.0 0.0 0 1 4 3 3
5128.7 6804.4 -8.9 360 0 21.4 11.4 14.0 3.5 2 0 4 5 5
5737.4 3345.1 -5.3 269 0 41.6 38.5 10.0 0.0 0 0 4 3 3
5236.8 6121.8 -4.9 179 0 9.9 12.0 10.5 3.5 4 1 3 3 3
5274.4 5543.6 -2.6 180 0 31.8 14.9 10.5 3.5 2 0 3 4 4
5416.0 3391.9 -4.4 89 0 24.9 13.6 7.5 2.5 2 0 3 3 3
5719.1 -2303.4 -2.2 90 0 39.0 30.0 10.0 0.0 0 0 4 1 1
5583.2 229.2 -1.8 90 0 18.3 13.9 10.0 0.0 0 0 4 2 2
5418.2 3434.1 -4.4 268 0 25.5 11.8 10.0 0.0 0 0 4 1 1
5411.7 -2373.0 -1.9 271 0 21.0 60.9 15.0 2.5 2 1 6 1 1
5581.2 213.9 -1.6 269 0 7.5 6.7 7.5 2.5 2 0 3 5 5
5129.0 6744.0 -8.8 360 0 20.8 10.9 14.0 3.5 2 0 4 5 5
5280.7 6117.3 -5.2 90 0 10.4 40.0 14.0 3.5 2 1 4 2 2
5274.4 6001.7 -4.4 269 0 13.0 13.0 14.0 3.5 2 1 4 3 3
5766.4 4801.9 -5.3 179 0 61.1 45.7 10.0 0.0 0 0 4 0 0
5647.0 3388.3 -5.1 180 0 39.0 43.5 7.5 0.0 0 1 3 4 4
5128.5 6774.9 -8.8 360 0 20.1 10.1 14.0 3.5 2 0 4 4 4
5517.5 3589.3 -4.6 269 0 22.7 12.3 10.0 0.0 0 0 4 2 2
5999.1 4746.2 -4.5 180 0 89.0 37.0 10.0 0.0 0 0 4 1 1
5131.7 6686.8 -8.7 0 0 17.6 13.8 14.0 0.0 0 0 4 1 1
5340.0 6535.3 -8.5 179 0 9.5 18.8 10.5 3.5 2 1 3 5 5
5279.2 6182.4 -5.5 269 0 12.2 9.6 10.5 3.5 2 0 3 3 3
5393.7 3411.9 -4.4 180 0 11.8 6.4 2.5 0.0 0 0 1 3 3
5236.8 6005.6 -4.5 180 0 20.9 10.1 14.0 3.5 2 0 4 3 3
5129.1 6713.1 -8.8 360 0 20.9 10.9 14.0 3.5 4 0 4 3 3
3184.8 -7602.6 -4.5 180 0 12.3 19.2 10.0 2.5 2 1 4 4 4
2804.1 -8127.8 -5.0 359 0 18.2 53.4 7.5 0.0 0 1 3 5 5
2660.9 -8089.4 -4.9 180 0 24.3 59.0 10.0 2.5 2 1 4 2 2
3289.3 -7320.1 -4.2 268 0 16.5 24.3 7.5 2.5 2 1 3 2 2
6688.4 -7487.1 -7.2 225 0 50.0 43.9 15.0 0.0 0 0 6 4 4
3180.3 -8115.3 -5.1 359 0 23.5 25.3 7.5 0.0 0 1 3 0 0
3809.6 -8724.5 -6.5 357 0 20.6 24.7 7.5 2.5 2 1 3 4 4
3293.7 -8359.8 -5.5 90 0 57.2 28.6 10.0 0.0 0 0 4 3 3
3197.6 -8265.3 -5.3 180 0 19.8 24.4 7.5 2.5 2 1 3 3 3
3196.0 -7742.0 -4.7 90 0 19.6 12.3 2.5 2.5 2 0 1 1 1
2891.2 -8109.2 -5.0 180 0 13.6 18.6 7.5 2.5 2 1 3 4 4
3508.9 -7447.4 -4.5 22 0 29.4 28.9 10.0 0.0 0 0 4 2 2
3686.7 -8352.5 -5.7 179 0 30.2 30.0 7.5 0.0 0 0 3 2 2
3273.7 -7213.8 -4.1 359 0 13.1 9.0 5.0 2.5 2 0 2 5 5
3267.7 -8114.5 -5.2 357 0 13.1 9.6 7.5 0.0 0 0 3 0 0
3184.7 -7528.6 -4.4 180 0 12.6 19.7 10.0 2.5 2 1 4 3 3
6118.4 -7851.1 -7.0 180 0 71.5 41.0 10.0 0.0 0 0 4 1 1
2733.4 -8203.0 -5.1 0 0 12.8 33.3 12.5 2.5 2 1 5 0 0
2927.4 -8121.4 -5.0 88 0 7.7 12.0 7.5 0.0 0 1 3 4 4
6108.2 -7803.9 -6.9 180 0 21.4 8.3 5.0 2.5 2 0 2 2 2
3186.6 -7641.3 -4.6 180 0 19.5 16.7 5.0 2.5 2 0 2 4 4
2671.9 -8174.4 -5.0 269 0 15.2 14.0 7.5 2.5 2 0 3 3 3
3168.2 -7711.9 -4.6 270 0 19.7 12.5 5.0 2.5 4 0 2 2 2
3168.9 -7742.5 -4.7 90 0 19.3 12.2 7.5 2.5 2 0 3 4 4
1429.4 -8879.3 -5.5 268 0 21.0 16.3 7.5 2.5 4 0 3 5 5
1678.3 -9368.9 -6.3 269 0 18.4 22.7 10.0 2.5 2 1 4 4 4
1446.6 -9085.5 -5.8 360 0 19.8 23.1 10.0 2.5 2 1 4 2 2
1652.0 -8794.3 -5.4 269 0 20.5 16.8 7.5 2.5 2 0 3 3 3
65.1 -8952.7 -5.5 270 0 59.5 11.2 10.0 2.5 2 0 4 0 0
115.8 -8949.9 -5.5 270 0 11.1 55.9 10.0 2.5 2 1 4 0 0
1488.4 -8196.2 -4.6 270 0 13.0 7.2 5.0 2.5 2 0 2 1 1
1647.6 -8863.5 -5.5 181 0 17.6 13.0 5.0 2.5 2 0 2 2 2
1451.6 -8763.8 -5.4 255 0 15.2 19.1 7.5 2.5 2 1 3 3 3
-4946.7 -8097.6 -6.2 183 0 50.5 10.6 10.0 2.5 2 0 4 1 1
1426.3 -8672.0 -5.2 359 0 25.9 21.3 7.5 0.0 0 0 3 2 2
151.3 -8780.8 -5.3 359 0 13.2 60.9 7.5 2.5 4 1 3 1 1
1673.7 -8941.0 -5.7 180 0 19.8 18.3 7.5 2.5 2 0 3 0 0
-3279.7 -8123.5 -5.2 182 0 8.5 47.8 7.5 2.5 2 1 3 1 1
134.8 -8334.1 -4.6 359 0 14.5 62.2 5.0 2.5 2 1 2 5 5
1454.0 -9452.1 -6.3 180 0 14.2 13.6 5.0 0.0 0 0 2 2 2
-4217.6 -8315.0 -6.0 277 0 10.7 16.4 7.5 2.5 4 1 3 2 2
1676.2 -9003.2 -5.8 180 0 25.9 20.2 7.5 2.5 2 0 3 1 1
-16.6 -8931.1 -5.5 89 0 14.1 62.0 10.0 2.5 2 1 4 2 2
-4289.6 -8286.2 -6.0 272 0 12.3 17.4 7.5 2.5 2 1 3 0 0
-4905.7 -8103.6 -6.2 2 0 38.5 25.0 10.0 0.0 0 0 4 0 0
-3802.1 -7869.4 -5.2 359 0 21.9 13.3 7.5 2.5 2 0 3 2 2
-133.6 -8324.2 -4.6 88 0 14.1 65.8 12.5 2.5 2 1 5 5 5
1671.9 -8690.9 -5.3 179 0 20.1 16.2 7.5 2.5 2 0 3 0 0
1660.8 -8276.5 -4.8 180 0 15.8 18.6 7.5 2.5 2 1 3 5 5
1435.2 -8547.0 -5.1 315 0 15.8 19.6 7.5 2.5 2 1 3 2 2
-3781.5 -8105.9 -5.4 3 0 13.1 21.5 10.0 2.5 2 1 4 1 1
1659.1 -9109.3 -5.9 269 0 10.1 23.0 5.0 2.5 2 1 2 3 3
-3808.4 -7901.4 -5.2 359 0 12.0 15.4 5.0 2.5 2 1 2 4 4
149.5 -8667.4 -5.1 359 0 14.0 61.8 5.0 2.5 2 1 2 2 2
1677.8 -8808.0 -5.5 269 0 18.9 19.5 12.5 2.5 2 1 5 1 1
1445.7 -9154.4 -5.9 0 0 15.2 18.1 10.0 2.5 2 1 4 4 4
-20.1 -8316.4 -4.6 88 0 13.9 79.1 10.0 2.5 2 1 4 0 0
1436.4 -8937.4 -5.6 358 0 18.4 15.1 7.5 2.5 2 0 3 3 3
151.2 -8705.4 -5.2 359 0 14.0 61.8 7.5 2.5 2 1 3 2 2
148.3 -9223.1 -5.9 180 0 6.4 15.9 2.5 2.5 2 1 1 4 4
114.8 -8929.5 -5.5 90 0 13.6 62.0 10.0 2.5 2 1 4 1 1
98.7 -9133.7 -5.8 269 0 8.2 15.0 7.5 2.5 2 1 3 4 4
1430.8 -8632.8 -5.2 47 0 12.5 13.2 10.0 2.5 2 1 4 1 1
1437.6 -8249.0 -4.7 270 0 11.7 32.3 7.5 2.5 2 1 3 0 0
135.9 -8372.1 -4.7 359 0 14.5 62.2 10.0 2.5 2 1 4 4 4
136.2 -8575.0 -5.0 358 0 14.2 18.3 10.0 2.5 2 1 4 2 2
150.3 -8743.4 -5.2 359 0 13.1 60.9 5.0 2.5 2 1 2 5 5
-3256.4 -8149.5 -5.2 272 0 21.0 16.6 7.5 2.5 2 0 3 4 4
82.9 -8927.3 -5.5 90 0 13.3 57.5 7.5 2.5 2 1 3 5 5
-218.9 -8572.5 -5.0 359 0 19.0 13.0 5.0 2.5 2 0 2 0 0
1433.0 -9007.6 -5.7 269 0 24.7 24.9 7.5 0.0 0 1 3 4 4
1682.6 -8553.9 -5.1 269 0 22.8 22.2 10.0 2.5 2 0 4 5 5
-162.5 -8193.6 -4.4 177 0 16.3 12.8 5.0 2.5 2 0 2 3 3
17.6 -8314.9 -4.6 88 0 14.0 78.9 10.0 2.5 2 1 4 5 5
1697.2 -8881.1 -5.6 360 0 24.3 24.4 10.0 2.5 2 1 4 3 3
14.3 -8928.3 -5.5 90 0 14.2 63.5 10.0 2.5 2 1 4 2 2
5510.4 3537.7 -4.5 269 0 28.2 13.4 7.5 2.5 2 0 3 2 2
4425.9 4786.1 -3.6 358 0 9.6 17.7 10.5 3.5 2 1 3 1 1
4424.8 4888.2 -3.6 14 0 9.8 18.3 10.5 3.5 2 1 3 1 1
4449.8 4768.9 -3.7 179 0 9.9 16.0 10.5 3.5 2 1 3 0 0
4458.5 4899.0 -3.6 89 1 10.2 16.2 17.5 3.5 4 1 5 3 3
4489.3 4705.2 -3.9 67 0 10.0 17.0 10.5 3.5 2 1 3 3 3
4564.9 4909.9 -3.4 359 0 16.4 8.8 10.5 3.5 2 0 3 0 0
4425.7 4837.2 -3.5 359 0 9.6 18.0 10.5 0.0 0 1 3 2 2
4407.6 5424.4 -0.6 180 0 18.2 11.2 2.5 2.5 2 0 1 3 3
4495.4 4859.3 -3.8 360 0 9.9 16.6 10.5 3.5 2 1 3 0 0
4425.0 4915.1 -3.6 244 0 8.9 16.6 10.5 3.5 2 1 3 0 0
4471.3 4899.3 -3.4 89 0 10.0 16.0 10.5 3.5 2 1 3 3 3
4424.7 4850.3 -3.5 358 1 10.5 17.4 17.5 3.5 4 1 5 1 1
4495.8 4846.7 -3.8 359 0 10.0 16.6 10.5 3.5 4 1 3 4 4
4485.9 4776.1 -3.9 360 0 7.6 5.2 10.5 0.0 0 0 3 2 2
4423.7 4862.1 -3.5 359 0 8.4 17.5 10.5 3.5 2 1 3 4 4
4485.4 4877.2 -3.6 269 0 15.9 9.9 10.5 0.0 0 0 3 3 3
4447.1 4871.7 -3.7 179 0 8.5 17.3 10.5 3.5 2 1 3 1 1
4460.4 5402.1 -0.3 1 0 15.4 12.5 2.5 2.5 2 0 1 4 4
4458.8 5343.2 -0.2 0 0 11.3 11.0 2.5 2.5 2 0 1 0 0
4406.2 4682.8 -3.7 179 0 17.4 9.9 10.5 3.5 2 0 3 2 2
4459.5 4738.4 -3.8 88 0 17.6 9.5 10.5 0.0 0 0 3 0 0
4447.4 4857.5 -3.8 178 1 10.0 17.4 14.0 3.5 2 1 4 5 5
4427.1 4797.1 -3.6 359 0 6.3 18.3 10.5 3.5 2 1 3 4 4
4427.4 4737.8 -3.7 331 0 8.5 19.4 10.5 3.5 2 1 3 0 0
4547.8 4918.8 -3.4 268 1 10.2 17.7 17.5 3.5 2 1 5 3 3
4447.7 4844.9 -3.8 179 0 9.7 17.3 10.5 3.5 2 1 3 2 2
4440.9 4711.1 -3.9 244 0 9.7 19.0 10.5 0.0 0 1 3 1 1
4428.8 4673.9 -3.8 74 0 9.7 18.0 10.5 3.5 2 1 3 3 3
4449.4 4780.9 -3.8 179 1 10.1 17.7 14.0 3.5 2 1 4 0 0
4426.0 4774.3 -3.7 360 0 9.9 17.2 10.5 3.5 2 1 3 4 4
4407.8 5406.4 -0.5 181 0 8.1 14.3 7.5 2.5 2 1 3 4 4
4448.4 4819.5 -3.8 179 0 9.7 17.1 10.5 3.5 2 1 3 0 0
4446.7 4831.1 -3.8 178 0 9.6 17.6 10.5 3.5 2 1 3 2 2
4446.6 4898.7 -3.6 89 1 10.1 17.6 17.5 3.5 2 1 5 5 5
4448.7 4754.2 -3.7 179 0 10.0 18.4 10.5 3.5 2 1 3 0 0
4460.0 5424.8 -0.4 360 0 18.7 11.5 2.5 2.5 2 0 1 0 0
4407.0 5352.8 -0.2 180 0 11.0 23.2 10.0 2.5 2 1 4 3 3
4453.3 5458.4 -0.6 269 0 11.8 19.4 10.0 2.5 2 1 4 0 0
4733.0 -879.1 -1.0 270 0 13.5 23.7 10.0 0.0 0 1 4 3 3
5111.3 -683.2 -1.3 91 0 13.5 23.8 5.0 2.5 2 1 2 5 5
5088.6 -682.6 -1.2 91 0 13.5 23.8 7.5 2.5 2 1 3 2 2
4760.0 -879.1 -1.0 270 0 13.7 23.7 7.5 2.5 2 1 3 2 2
4888.4 -850.2 -1.1 90 0 13.6 24.0 12.5 2.5 2 1 5 2 2
4865.3 -850.2 -1.1 90 0 13.6 24.0 7.5 2.5 2 1 3 2 2
5186.1 -685.4 -1.3 91 0 12.6 20.8 7.5 2.5 2 1 3 3 3
5183.1 -714.4 -1.3 272 0 12.8 20.1 10.0 0.0 0 1 4 0 0
5219.7 -688.8 -1.3 107 0 13.2 20.7 7.5 2.5 2 1 3 4 4
5165.5 -687.7 -1.3 91 0 8.3 23.9 7.5 2.5 2 1 3 2 2
4798.5 -850.1 -1.0 91 0 19.7 26.2 12.5 2.5 2 1 5 3 3
4691.2 -810.5 -1.0 359 0 12.0 26.2 10.0 2.5 2 1 4 4 4
4720.6 -769.8 -1.0 179 0 19.2 26.3 10.0 2.5 2 1 4 0 0
4699.0 -696.4 -0.9 39 0 11.2 23.6 7.5 2.5 2 1 3 3 3
5005.8 -724.9 -1.2 359 0 11.7 23.9 7.5 2.5 2 1 3 2 2
4727.2 -714.3 -1.0 180 0 11.6 26.3 10.0 2.5 2 1 4 5 5
4780.1 -879.0 -1.0 270 0 11.0 23.9 7.5 2.5 2 1 3 3 3
4957.7 -709.1 -1.1 271 0 18.6 23.8 10.0 2.5 2 1 4 3 3
5006.9 -822.1 -1.2 359 0 11.1 24.0 10.0 2.5 2 1 4 5 5
4720.1 -741.3 -1.0 179 0 18.7 24.2 7.5 2.5 2 1 3 0 0
4908.5 -708.0 -1.1 272 0 19.5 26.1 5.0 2.5 2 1 2 2 2
4836.9 -677.0 -1.0 91 0 19.7 26.2 7.5 0.0 0 1 3 4 4
4968.3 -879.7 -1.2 270 0 11.3 26.0 10.0 2.5 4 1 4 0 0
4875.3 -879.4 -1.1 270 0 11.0 23.9 10.0 0.0 0 1 4 0 0
4829.5 -879.4 -1.1 270 0 11.0 23.9 10.0 2.5 2 1 4 1 1
4996.3 -680.6 -1.2 91 0 10.7 24.2 7.5 2.5 2 1 3 0 0
4822.1 -849.8 -1.1 91 0 19.2 26.5 10.0 2.5 2 1 4 0 0
4922.9 -879.7 -1.1 270 0 11.3 26.0 10.0 2.5 2 1 4 1 1
4787.6 -675.6 -1.0 91 0 19.7 26.2 12.5 2.5 2 1 5 0 0
4848.9 -850.1 -1.1 91 0 19.2 26.5 7.5 0.0 0 1 3 2 2
4714.4 -681.1 -1.0 67 0 11.6 25.7 10.0 0.0 0 1 4 5 5
5006.5 -799.3 -1.2 359 0 11.1 24.0 7.5 2.5 2 1 3 5 5
5126.4 -713.0 -1.3 272 0 19.3 26.3 10.0 2.5 2 1 4 3 3
5006.1 -761.7 -1.2 360 0 18.9 26.0 12.5 2.5 2 1 5 1 1
4926.4 -679.2 -1.1 91 0 11.1 24.2 12.5 0.0 0 1 5 1 1
4900.2 -678.8 -1.1 91 0 11.1 24.2 10.0 2.5 2 1 4 0 0
4955.6 -850.1 -1.2 90 0 10.5 23.7 12.5 2.5 2 1 5 1 1
5006.7 -834.0 -1.2 360 0 18.9 26.0 7.5 2.5 2 1 3 5 5
4838.2 -706.4 -1.0 271 0 18.6 23.8 7.5 2.5 2 1 3 2 2
4863.8 -677.5 -1.1 91 0 19.7 26.2 10.0 0.0 0 1 4 4 4
4691.9 -829.6 -1.0 359 0 19.3 26.2 10.0 2.5 2 1 4 0 0
4691.2 -784.1 -1.0 360 0 18.6 23.8 7.5 2.5 2 1 3 5 5
5064.7 -682.2 -1.2 91 0 10.7 24.2 10.0 2.5 2 1 4 0 0
4980.9 -680.1 -1.2 91 0 19.7 26.2 7.5 2.5 2 1 3 2 2
4861.2 -706.7 -1.1 271 0 18.6 23.8 7.5 2.5 2 1 3 0 0
4787.9 -705.2 -1.0 271 0 19.1 24.0 10.0 2.5 2 1 4 0 0
4802.9 -879.2 -1.0 270 0 11.0 23.9 10.0 2.5 2 1 4 0 0
4721.3 -819.3 -1.0 179 0 19.2 26.3 10.0 2.5 2 1 4 2 2
4691.0 -757.7 -0.9 360 0 18.6 23.8 10.0 2.5 2 1 4 0 0
4898.2 -879.5 -1.1 270 0 11.7 26.0 10.0 2.5 2 1 4 2 2
4690.8 -738.2 -0.9 359 0 12.0 26.2 10.0 2.5 2 1 4 2 2
4949.1 -679.6 -1.1 91 0 11.1 24.2 7.5 2.5 2 1 3 5 5
4777.5 -850.1 -1.0 90 0 18.6 24.1 10.0 2.5 2 1 4 4 4
4810.1 -676.4 -1.0 91 0 10.7 24.2 12.5 2.5 2 1 5 3 3
4729.2 -842.1 -1.0 179 0 19.2 26.3 7.5 0.0 0 1 3 2 2
5005.3 -742.0 -1.2 359 0 13.9 24.8 7.5 0.0 0 1 3 5 5
4826.1 -705.9 -1.0 271 0 11.4 26.2 7.5 0.0 0 1 3 1 1
4919.4 -850.4 -1.1 91 0 19.2 26.5 7.5 2.5 2 1 3 1 1
4774.2 -705.0 -1.0 271 0 11.6 25.8 10.0 2.5 2 1 4 4 4
4707.8 -866.6 -1.0 308 0 19.4 25.6 10.0 2.5 2 1 4 3 3
4691.1 -715.9 -0.9 14 0 10.9 23.9 5.0 2.5 2 1 2 0 0
4943.7 -879.6 -1.1 270 0 11.0 23.9 7.5 2.5 2 1 3 1 1
5159.2 -713.6 -1.3 271 0 12.0 24.1 7.5 0.0 0 1 3 2 2
4721.1 -796.4 -1.0 179 0 19.2 26.3 7.5 0.0 0 1 3 1 1
4698.6 -854.8 -1.0 335 0 11.3 23.7 7.5 2.5 2 1 3 4 4
4929.6 -708.5 -1.1 271 0 18.6 23.8 10.0 0.0 0 1 4 3 3
5017.8 -681.2 -1.2 91 0 11.1 24.2 10.0 2.5 2 1 4 5 5
5107.4 -711.9 -1.3 271 0 19.1 24.6 10.0 2.5 2 1 4 3 3
4854.1 -879.5 -1.1 270 0 11.3 26.0 7.5 2.5 4 1 3 5 5
5135.8 -684.1 -1.3 91 0 10.6 24.2 7.5 0.0 0 1 3 0 0
4878.7 -678.1 -1.1 91 0 10.7 24.2 10.0 2.5 2 1 4 4 4
4940.3 -850.2 -1.1 91 0 19.2 26.5 12.5 2.5 2 1 5 4 4
-6110.0 8713.9 -12.5 92 0 42.7 46.0 7.5 0.0 0 1 3 1 1
-6111.7 8652.7 -12.1 91 0 18.5 8.9 7.5 2.5 2 0 3 4 4
-5966.2 -7844.4 -6.8 272 0 43.8 27.6 7.5 0.0 0 0 3 3 3
-6251.8 -8007.5 -7.3 273 0 34.1 42.4 10.0 0.0 0 1 4 5 5
-5879.6 -7880.3 -6.7 89 0 21.0 26.4 7.5 2.5 2 1 3 3 3
-6374.9 -8014.3 -7.4 3 0 15.1 34.0 7.5 2.5 2 1 3 2 2
-6003.9 -7690.8 -6.6 178 0 11.7 25.9 10.0 2.5 2 1 4 2 2
-5968.5 -7788.4 -6.7 178 0 19.5 19.8 12.5 2.5 2 1 5 5 5
5095.3 6440.7 -7.4 278 0 115.3 99.5 17.5 0.0 0 0 5 3 3
5115.8 6552.7 -8.5 1 0 23.0 15.7 14.0 3.5 2 0 4 1 1
5223.1 6459.4 -7.7 280 0 84.5 14.9 10.5 3.5 2 0 3 0 0
5156.2 6498.6 -8.3 338 0 68.8 12.4 14.0 3.5 2 0 4 2 2
-4016.5 -7641.5 -5.0 360 0 47.8 20.5 7.5 2.5 2 0 3 2 2
-4170.5 -7916.8 -5.4 178 0 46.2 20.7 7.5 2.5 2 0 3 5 5
-4153.1 -7566.3 -5.0 179 0 60.8 21.1 10.0 2.5 4 0 4 0 0
-4018.2 -7571.7 -4.9 360 0 51.7 19.6 5.0 2.5 2 0 2 2 2
-4154.1 -7498.1 -4.9 179 0 49.4 22.6 7.5 2.5 2 0 3 4 4
-4018.0 -7393.2 -4.7 359 0 62.3 21.9 7.5 2.5 2 0 3 1 1
-4014.5 -7750.4 -5.2 318 0 9.5 34.5 7.5 0.0 0 1 3 5 5
-6157.6 -6698.0 -5.7 88 0 86.7 16.8 10.0 2.5 4 0 4 5 5
-6219.2 -6728.8 -5.8 359 0 32.7 16.6 10.0 2.5 2 0 4 5 5
-6218.8 -4998.6 -5.1 91 0 20.6 65.2 7.5 2.5 2 1 3 1 1
-6636.8 -10775.6 -12.3 3 0 14.0 43.0 10.0 2.5 2 1 4 5 5
-6419.5 -10981.6 -12.5 2 0 51.0 28.2 7.5 0.0 0 0 3 0 0
-6056.9 -10313.6 -10.8 263 0 49.0 18.2 10.0 2.5 2 0 4 0 0
4181.4 6912.5 -8.3 215 0 10.5 9.9 10.5 3.5 2 0 3 3 3
48.7 -8927.6 -5.5 90 0 14.2 57.9 10.0 2.5 2 1 4 0 0
5040.3 4800.5 -4.8 180 0 22.0 27.7 14.0 0.0 0 1 4 1 1
5141.0 4795.8 -5.0 0 0 15.4 24.9 14.0 3.5 2 1 4 0 0
5159.4 4802.5 -5.2 180 0 31.8 19.6 14.0 0.0 0 0 4 5 5
6245.9 6719.0 -10.2 0 0 13.2 19.1 10.0 2.5 2 1 4 1 1
1401.8 5137.4 1.9 359 0 21.0 16.0 10.0 2.5 2 0 4 3 3
1364.8 5109.1 1.7 90 0 11.2 37.7 7.5 2.5 2 1 3 3 3
-5977.6 8629.4 -12.0 89 0 63.2 28.3 7.5 0.0 0 0 3 1 1
-5909.7 8567.4 -12.1 179 0 15.1 27.6 10.0 2.5 2 1 4 3 3
-4142.9 3125.8 -4.2 117 0 11.8 62.2 10.0 2.5 2 1 4 0 0
-2887.7 3028.5 -3.5 44 0 9.9 22.1 5.0 2.5 2 1 2 2 2
-6429.4 3625.9 -5.3 2 0 18.2 16.1 10.0 2.5 2 0 4 1 1
2933.3 3566.6 -2.7 180 0 37.9 18.7 10.5 3.5 2 0 3 4 4
2693.4 3461.5 -3.7 89 0 62.1 24.5 14.0 0.0 0 0 4 4 4
-6185.6 3544.7 -5.6 272 0 18.3 44.2 7.5 2.5 2 1 3 4 4
3503.3 3490.4 -3.1 269 0 27.9 15.9 14.0 3.5 2 0 4 2 2
-390.7 3571.3 -2.9 3 0 6.1 18.6 2.5 2.5 2 1 1 2 2
2999.8 3637.2 -3.0 269 0 23.9 42.9 14.0 0.0 0 1 4 5 5
6598.7 3777.2 -6.0 190 0 10.2 18.2 7.5 2.5 2 1 3 3 3
2816.0 3466.7 -3.7 90 0 55.7 21.4 14.0 3.5 4 0 4 5 5
-1547.8 3588.3 -2.3 271 0 17.7 9.2 2.5 2.5 2 0 1 1 1
-6769.5 3491.5 -6.5 272 0 82.0 15.6 10.0 2.5 2 0 4 4 4
-5756.1 3401.7 -5.7 272 0 43.3 14.6 10.0 2.5 2 0 4 0 0
-4142.4 3102.7 -4.2 196 0 18.6 15.8 10.0 2.5 2 0 4 1 1
-372.7 3587.7 -3.2 183 0 10.3 19.0 10.0 2.5 2 1 4 1 1
-4830.7 3475.0 -4.9 182 0 37.8 15.2 7.5 2.5 2 0 3 2 2
6694.4 3647.6 -5.7 109 0 12.4 22.8 7.5 2.5 2 1 3 3 3
-4721.3 3257.7 -4.8 182 0 11.8 20.3 2.5 2.5 2 1 1 3 3
-6163.0 3527.2 -5.8 182 0 11.8 36.4 10.0 2.5 2 1 4 4 4
-6389.5 3611.7 -5.4 92 0 30.1 18.7 10.0 2.5 2 0 4 4 4
-1088.9 3164.9 -2.1 359 0 21.0 10.3 5.0 2.5 2 0 2 1 1
-2747.5 3437.3 -3.7 360 0 74.0 37.2 10.0 0.0 0 0 4 3 3
-4191.1 3348.5 -4.4 69 0 28.5 15.5 7.5 2.5 2 0 3 1 1
-6263.4 3620.0 -5.5 272 0 18.6 10.0 5.0 2.5 2 0 2 0 0
2932.6 3610.8 -2.8 179 0 43.6 19.1 10.5 3.5 2 0 3 2 2
3511.4 2682.6 -2.0 0 0 54.9 73.1 10.0 0.0 0 1 4 3 3
-389.9 3586.3 -2.9 3 0 6.0 18.4 7.5 2.5 2 1 3 1 1
3000.6 3545.8 -2.8 89 0 22.5 42.6 14.0 0.0 0 1 4 5 5
-6457.3 3639.5 -5.4 2 0 28.9 35.7 10.0 0.0 0 1 4 2 2
3461.9 3119.3 -2.6 269 0 16.1 25.1 10.5 3.5 2 1 3 4 4
3972.0 3665.7 -4.1 269 0 55.2 42.2 17.5 0.0 0 0 5 5 5
-6665.6 3537.2 -6.2 2 0 28.6 13.2 7.5 2.5 2 0 3 0 0
-4087.4 3166.9 -4.2 302 0 29.1 9.5 7.5 2.5 4 0 3 1 1
-6473.6 3475.7 -5.7 3 0 15.1 45.6 7.5 2.5 2 1 3 3 3
-2805.6 3033.1 -3.5 92 0 18.8 11.0 5.0 2.5 2 0 2 0 0
-1088.4 3195.9 -2.1 359 0 14.6 8.2 7.5 2.5 2 0 3 5 5
-2871.7 3035.9 -3.5 91 0 15.5 7.1 5.0 2.5 2 0 2 0 0
-1410.2 3571.2 -2.3 180 0 7.2 8.1 7.5 2.5 2 1 3 1 1
-4246.8 3328.8 -4.4 246 0 26.7 27.1 12.5 0.0 0 1 5 0 0
-5774.2 3430.2 -5.7 2 0 42.4 14.5 7.5 2.5 2 0 3 3 3
-4721.0 3277.3 -4.8 182 0 12.6 20.5 7.5 2.5 2 1 3 1 1
3090.9 3483.3 -2.6 179 0 20.6 14.9 14.0 3.5 2 0 4 2 2
-6153.8 3496.1 -5.8 272 0 20.9 14.3 10.0 2.5 2 0 4 0 0
3469.4 160.1 -0.1 90 0 22.1 19.6 10.0 2.5 2 0 4 3 3
-5767.6 6718.8 -6.3 271 0 7.7 18.3 7.5 2.5 4 1 3 5 5
-5777.0 6669.2 -6.3 182 0 18.7 7.0 7.5 2.5 2 0 3 4 4
1203.3 5303.8 -0.4 356 0 98.7 36.4 12.5 0.0 0 0 5 3 3
713.1 4917.2 1.1 359 0 39.7 79.3 7.5 0.0 0 1 3 2 2
1576.5 6756.1 -5.6 0 0 28.6 11.7 15.0 0.0 0 0 6 2 2
1179.1 5059.7 0.3 179 0 58.2 73.6 17.5 0.0 0 1 7 0 0
907.1 4921.4 1.0 359 0 39.7 90.6 7.5 0.0 0 0 3 4 4
725.5 4917.2 1.3 179 0 39.7 91.0 10.0 0.0 0 0 4 0 0
-3087.8 -7717.9 -4.6 359 0 7.0 23.7 5.0 2.5 2 1 2 2 2
-3093.6 -7859.1 -4.8 3 0 7.0 23.7 7.5 2.5 2 1 3 3 3
-3029.6 -7632.7 -4.5 243 0 13.1 22.9 7.5 2.5 2 1 3 1 1
-3095.3 -7892.4 -4.8 3 0 7.0 23.7 7.5 2.5 4 1 3 1 1
-3094.2 -7875.8 -4.8 3 0 7.0 23.7 7.5 2.5 2 1 3 3 3
-3066.3 -7856.3 -4.7 184 0 12.6 21.7 5.0 2.5 2 1 2 4 4
-3061.6 -7733.9 -4.6 179 0 12.6 21.7 10.0 2.5 2 1 4 3 3
-3064.1 -7889.8 -4.8 184 0 12.6 21.7 10.0 2.5 2 1 4 4 4
-3086.2 -7744.8 -4.6 0 0 12.6 21.7 10.0 2.5 2 1 4 2 2
-3061.5 -7750.6 -4.6 179 0 12.6 21.7 12.5 2.5 2 1 5 0 0
-3063.1 -7805.5 -4.7 184 0 12.6 21.7 7.5 2.5 2 1 3 3 3
-3086.7 -7728.2 -4.6 0 0 12.6 21.7 10.0 2.5 2 1 4 2 2
-3065.2 -7839.3 -4.7 184 0 12.6 21.7 7.5 2.5 2 1 3 2 2
-3074.4 -7645.4 -4.5 22 0 12.6 21.7 10.0 2.5 2 1 4 0 0
-3067.1 -7872.8 -4.8 184 0 12.6 21.7 10.0 2.5 2 1 4 0 0
-3053.1 -7907.2 -4.8 184 0 12.6 21.7 7.5 2.5 2 1 3 5 5
-3061.2 -7700.3 -4.6 179 0 12.6 21.7 7.5 2.5 2 1 3 3 3
-3061.6 -7772.6 -4.6 179 0 12.6 21.7 7.5 2.5 2 1 3 5 5
-3052.1 -7917.9 -4.8 189 0 9.7 21.5 7.5 2.5 2 1 3 3 3
-3086.8 -7683.6 -4.5 13 0 12.8 20.7 10.0 2.5 2 1 4 1 1
-3061.2 -7717.1 -4.6 179 0 12.6 21.7 10.0 0.0 0 1 4 2 2
-3089.5 -7805.7 -4.7 5 0 13.0 20.3 7.5 2.5 2 1 3 1 1
-3083.8 -7664.7 -4.5 16 0 13.0 21.2 15.0 0.0 0 1 6 3 3
-3092.3 -7842.4 -4.7 5 0 7.1 20.8 7.5 2.5 2 1 3 1 1
-3088.6 -7788.7 -4.7 5 0 13.0 20.3 7.5 2.5 2 1 3 4 4
-3087.7 -7698.4 -4.6 2 0 13.0 20.3 7.5 2.5 2 1 3 2 2
-3086.7 -7767.3 -4.6 1 0 13.7 24.0 7.5 2.5 2 1 3 4 4
-3091.4 -7919.6 -4.8 3 0 13.7 24.4 10.0 2.5 2 1 4 4 4
-3095.1 -7903.0 -4.8 4 0 13.7 24.4 10.0 2.5 2 1 4 3 3
-3088.5 -7819.0 -4.7 4 0 13.7 24.5 15.0 0.0 0 1 6 4 4
3798.2 3991.1 -5.2 358 0 82.2 24.7 14.0 0.0 0 0 4 3 3
2452.9 3260.0 -3.5 45 0 19.9 20.0 10.0 2.5 2 1 4 0 0
4654.2 1232.4 -2.0 270 0 18.2 29.2 7.5 0.0 0 1 3 5 5
-6256.0 -4707.9 -4.4 90 0 21.7 10.2 2.5 0.0 0 0 1 0 0
-5863.9 -5056.3 -3.9 92 0 18.1 38.7 7.5 2.5 2 1 3 5 5
-6254.4 -4705.7 -4.4 89 0 12.2 48.4 7.5 2.5 2 1 3 1 1
3600.9 -7894.3 -5.1 277 0 65.6 37.4 7.5 0.0 0 0 3 0 0
3114.4 3271.7 -2.5 178 0 70.3 50.7 14.0 0.0 0 0 4 1 1
2827.2 3310.1 -3.4 269 0 104.8 29.5 14.0 0.0 0 0 4 0 0
2946.9 3292.0 -2.8 360 0 39.0 59.1 14.0 0.0 0 1 4 0 0
2665.8 3095.6 -3.1 41 0 74.3 30.2 10.0 0.0 0 0 4 0 0
3291.4 3680.3 -3.0 179 0 55.5 76.3 17.5 0.0 0 1 5 4 4
-5508.1 8762.8 -12.0 230 0 11.5 9.9 7.5 2.5 2 0 3 2 2
-5731.8 8752.7 -12.4 272 0 56.6 10.0 7.5 2.5 4 0 3 1 1
-2607.3 5744.7 -2.8 182 0 31.5 16.7 7.5 2.5 2 0 3 0 0
-2670.5 5867.0 -2.6 91 0 37.5 29.6 10.0 0.0 0 0 4 4 4
-2679.9 5692.6 -2.6 181 0 31.5 18.6 7.5 2.5 2 0 3 0 0
821.9 -2409.4 0.3 30 0 38.7 32.4 7.5 0.0 0 0 3 2 2
815.5 420.8 -0.2 90 0 18.2 62.0 5.0 2.5 2 1 2 1 1
852.8 504.6 -0.2 24 0 26.7 41.9 12.5 0.0 0 1 5 4 4
937.5 311.1 -0.2 270 0 74.6 62.6 7.5 0.0 0 0 3 5 5
980.4 -2448.9 0.3 188 0 21.9 146.0 7.5 0.0 0 1 3 5 5
880.5 592.6 -0.2 315 0 31.5 45.5 10.0 0.0 0 1 4 3 3
987.4 380.9 -0.2 360 0 129.3 20.6 7.5 0.0 0 0 3 3 3
966.8 468.3 -0.2 135 0 13.7 16.7 5.0 2.5 2 1 2 3 3
-5965.3 6678.9 -6.5 96 0 10.2 29.3 12.5 2.5 2 1 5 0 0
3914.2 -2298.3 -0.8 1 0 43.9 28.0 7.5 0.0 0 0 3 1 1
3912.2 -2172.2 -0.7 90 0 13.7 31.4 7.5 2.5 2 1 3 5 5
3869.0 -2128.0 -0.7 270 0 22.4 43.5 10.0 0.0 0 1 4 5 5
5795.9 6579.7 -9.2 95 0 6.1 146.2 7.5 2.5 2 1 3 2 2
-236.2 -7140.8 -3.2 195 0 20.0 20.5 5.0 2.5 2 1 2 3 3
-5502.9 3879.3 -5.7 91 0 14.0 36.1 7.5 2.5 4 1 3 1 1
-5495.0 3941.1 -5.8 1 0 27.8 47.5 12.5 0.0 0 1 5 1 1
-5568.0 3764.9 -5.7 92 0 48.8 44.0 7.5 0.0 0 0 3 1 1
-5551.1 3878.3 -5.8 92 0 10.9 66.3 7.5 2.5 2 1 3 2 2
-5529.8 3866.7 -5.7 2 0 16.3 36.3 7.5 2.5 2 0 3 5 5
-5529.7 3830.9 -5.7 1 0 31.5 30.6 10.0 0.0 0 0 4 2 2
-5417.3 3641.0 -5.5 1 0 11.3 51.1 5.0 2.5 2 1 2 5 5
-5647.6 4181.6 -6.0 182 0 20.8 56.1 10.0 2.5 2 1 4 4 4
-5852.9 -244.1 -1.9 0 0 47.3 127.0 10.0 0.0 0 1 4 2 2
231.3 -5121.6 -1.3 179 0 10.9 23.9 10.0 2.5 2 1 4 5 5
4132.7 2975.4 -3.2 89 0 89.8 123.4 10.5 0.0 0 1 3 0 0
-6196.9 2005.0 -3.5 272 0 10.4 26.4 10.0 2.5 4 1 4 0 0
-6224.8 1990.3 -3.6 1 0 24.3 15.0 7.5 2.5 2 0 3 1 1
-3891.8 6325.2 -3.9 341 0 12.5 21.4 7.5 0.0 0 1 3 4 4
-3246.8 6578.8 -4.4 90 0 13.0 29.7 5.0 0.0 0 1 2 5 5
1940.4 6665.0 -5.5 268 0 53.3 18.2 7.5 2.5 2 0 3 4 4
2039.9 6727.8 -6.0 99 0 50.0 18.5 7.5 2.5 2 0 3 3 3
1771.5 6767.0 -5.8 100 0 50.9 17.7 10.0 0.0 0 0 4 5 5
1773.8 6662.7 -5.2 269 0 60.3 17.0 5.0 2.5 2 0 2 2 2
-5784.8 6906.7 -6.8 1 0 13.3 10.2 2.5 2.5 2 0 1 5 5
-5981.3 6918.0 -6.7 182 0 10.9 18.7 10.0 2.5 2 1 4 1 1
-5894.6 6876.2 -6.6 272 0 20.5 23.0 10.0 0.0 0 1 4 1 1
-5943.7 7174.3 -8.0 271 0 9.0 5.1 7.5 2.5 2 0 3 2 2
-5869.4 7187.2 -7.9 92 0 9.1 21.0 2.5 2.5 2 1 1 5 5
-5832.1 7008.6 -7.1 1 0 37.4 22.9 7.5 0.0 0 0 3 0 0
-3288.4 8737.3 -11.0 273 0 7.4 12.2 5.0 2.5 2 1 2 1 1
1919.4 8078.4 -8.7 191 0 21.3 9.8 2.5 2.5 2 0 1 1 1
-5995.4 7165.1 -8.0 325 0 15.8 28.1 7.5 0.0 0 1 3 2 2
-6084.1 6906.2 -6.9 1 0 14.2 36.8 7.5 2.5 4 1 3 3 3
-6083.4 6928.3 -7.0 2 0 15.1 36.6 7.5 0.0 0 1 3 1 1
-6077.5 6921.5 -6.9 182 0 27.9 8.4 7.5 2.5 2 0 3 0 0
-6078.7 6877.4 -6.8 182 0 27.8 8.3 5.0 2.5 2 0 2 5 5
-6049.3 6916.2 -6.8 1 0 37.1 14.7 10.0 2.5 2 0 4 3 3
-6050.6 6876.3 -6.7 2 0 30.0 14.7 10.0 2.5 2 0 4 3 3
-2683.1 2787.9 -2.8 167 0 17.9 12.1 5.0 2.5 2 0 2 2 2
-2659.8 2780.0 -2.8 77 0 11.7 20.0 5.0 2.5 2 1 2 0 0
-2644.7 2781.5 -2.8 76 0 12.0 19.2 2.5 2.5 2 1 1 1 1
-2630.2 2782.2 -2.8 76 0 11.7 19.1 5.0 2.5 2 1 2 2 2
-2586.8 2783.4 -2.7 76 0 9.6 25.0 2.5 2.5 2 1 1 0 0
-2568.2 2780.8 -2.7 85 0 18.1 12.3 5.0 2.5 2 0 2 1 1
-2561.6 2803.6 -2.7 356 0 15.9 18.6 7.5 2.5 2 1 3 5 5
-2683.2 2814.5 -2.8 173 0 19.9 11.0 5.0 0.0 0 0 2 0 0
-2650.6 2828.1 -2.8 259 0 11.3 19.3 5.0 2.5 2 1 2 4 4
-2634.6 2831.9 -2.8 258 0 11.9 18.1 5.0 2.5 2 1 2 2 2
-2619.7 2833.1 -2.8 258 0 11.1 19.1 5.0 2.5 4 1 2 3 3
-2603.9 2836.9 -2.8 259 0 8.7 19.3 2.5 2.5 2 1 1 4 4
-2581.6 2843.2 -2.8 260 0 16.7 11.8 5.0 2.5 2 0 2 0 0
-2556.8 2844.0 -2.8 173 0 11.9 17.6 2.5 2.5 4 1 1 3 3
-2553.5 2826.5 -2.7 172 0 11.8 17.3 5.0 2.5 2 1 2 1 1
-2546.9 2812.6 -2.7 174 0 12.8 18.3 5.0 2.5 2 1 2 3 3
-2544.9 2798.0 -2.7 174 0 12.3 16.6 5.0 2.5 2 1 2 0 0
-2539.1 2778.2 -2.7 100 0 12.9 12.9 5.0 2.5 2 1 2 0 0
-2508.0 2780.4 -2.7 83 0 18.9 12.9 5.0 2.5 2 0 2 0 0
-2506.8 2819.1 -2.7 354 0 11.3 14.3 5.0 2.5 2 1 2 4 4
-2510.0 2833.0 -2.7 352 0 12.5 19.3 5.0 2.5 4 1 2 5 5
-5860.4 7251.3 -8.6 85 0 21.7 26.5 10.0 0.0 0 1 4 2 2
-6105.1 7228.6 -8.3 272 0 13.7 18.4 10.0 2.5 2 0 4 1 1
-6092.5 7211.3 -8.2 271 0 11.0 15.5 5.0 2.5 2 0 2 4 4
-6070.5 7193.3 -8.2 92 0 34.1 16.5 7.5 2.5 2 0 3 4 4
-3863.7 -5926.6 -3.1 0 0 10.6 15.5 2.5 2.5 2 0 1 1 1
2456.9 -1292.1 0.2 64 0 20.1 30.7 10.0 0.0 0 1 4 1 1
2418.2 -1303.4 0.2 61 0 15.5 16.1 5.0 2.5 2 1 2 0 0
2114.3 -1468.4 0.3 269 0 26.0 158.2 7.5 0.0 0 1 3 0 0
260.5 -3583.8 -0.2 65 0 8.3 15.3 2.5 2.5 2 1 1 2 2
276.8 -3580.1 -0.2 64 0 10.8 16.6 2.5 2.5 2 1 1 5 5
291.5 -3573.0 -0.2 65 0 12.8 20.4 5.0 2.5 2 1 2 2 2
307.2 -3554.7 -0.2 334 0 16.0 13.0 5.0 2.5 4 0 2 3 3
350.9 -3530.0 -0.2 333 0 21.7 13.0 15.0 0.0 0 0 6 3 3
367.1 -3481.7 -0.2 224 0 14.1 13.1 2.5 2.5 2 0 1 5 5
381.1 -3502.3 -0.2 124 0 13.2 17.3 5.0 2.5 2 1 2 2 2
395.1 -3507.8 -0.2 150 0 12.9 15.9 5.0 2.5 2 1 2 4 4
400.2 -3527.4 -0.2 179 0 13.2 18.6 5.0 2.5 2 1 2 2 2
389.2 -3543.5 -0.2 225 0 8.7 19.4 7.5 2.5 2 1 3 5 5
377.1 -3554.8 -0.2 230 0 7.4 21.1 5.0 2.5 2 1 2 3 3
360.2 -3568.0 -0.2 234 0 13.2 20.8 10.0 2.5 2 1 4 2 2
351.7 -3573.4 -0.2 244 0 7.2 20.6 5.0 2.5 2 1 2 2 2
336.8 -3578.1 -0.2 245 0 8.3 23.7 7.5 2.5 2 1 3 3 3
310.0 -3592.6 -0.2 245 0 7.6 21.7 2.5 2.5 2 1 1 0 0
280.3 -3607.1 -0.2 254 0 13.3 21.0 10.0 2.5 4 1 4 2 2
268.4 -3610.2 -0.2 255 0 7.5 15.5 2.5 2.5 2 1 1 2 2
252.8 -3614.6 -0.2 255 0 9.4 21.2 7.5 2.5 2 1 3 5 5
232.0 -3625.7 -0.2 201 0 11.2 18.7 7.5 2.5 4 1 3 2 2
212.8 -3617.9 -0.2 356 0 13.4 15.2 5.0 2.5 2 1 2 4 4
210.8 -3603.1 -0.2 3 0 15.6 14.9 5.0 2.5 2 0 2 5 5
209.5 -3570.3 -0.2 355 0 13.4 15.7 5.0 2.5 2 1 2 4 4
207.2 -3559.8 -0.2 20 0 7.3 21.3 5.0 2.5 4 1 2 3 3
212.8 -3545.8 -0.2 20 0 8.1 18.9 5.0 2.5 2 1 2 0 0
223.7 -3535.3 -0.2 55 0 7.3 20.9 5.0 2.5 2 1 2 2 2
240.7 -3523.3 -0.2 57 0 12.6 15.3 5.0 2.5 2 1 2 5 5
267.0 -3518.5 -0.2 73 0 12.0 14.2 5.0 2.5 2 1 2 4 4
284.3 -3516.3 -0.2 73 0 12.7 17.8 5.0 2.5 2 1 2 5 5
302.5 -3508.5 -0.2 65 0 9.6 16.8 5.0 2.5 2 1 2 5 5
317.6 -3497.9 -0.2 50 0 13.1 21.0 10.0 2.5 2 1 4 0 0
329.3 -3487.9 -0.2 49 0 13.1 18.3 7.5 2.5 2 1 3 1 1
338.4 -3479.8 -0.2 48 0 7.4 23.3 5.0 0.0 0 1 2 3 3
342.4 -3445.7 -0.1 319 0 18.2 13.2 10.0 2.5 2 0 4 1 1
4571.0 6529.8 -7.6 270 1 12.1 14.7 17.5 3.5 2 1 5 5 5
4527.6 6525.5 -7.6 180 1 14.0 13.5 17.5 0.0 0 0 5 1 1
4594.5 6535.6 -7.7 269 1 15.0 10.5 17.5 3.5 2 0 5 2 2
4654.0 6536.0 -7.7 268 0 19.0 22.2 17.5 3.5 2 1 5 3 3
4631.6 6535.4 -7.7 270 0 18.6 18.0 17.5 3.5 2 0 5 0 0
-2459.1 7198.2 -6.4 272 0 28.1 23.1 12.5 0.0 0 0 5 1 1
-2453.2 7233.4 -6.7 270 0 20.3 17.6 7.5 2.5 4 0 3 4 4
463.3 5735.2 -1.9 92 0 18.5 15.1 10.0 2.5 4 0 4 5 5
-786.0 7163.0 -7.4 269 0 16.6 25.0 7.5 2.5 2 1 3 5 5
-1322.7 6957.5 -5.5 272 0 123.3 64.9 15.0 0.0 0 0 6 3 3
1405.1 4053.9 -3.2 12 0 53.6 57.1 7.5 0.0 0 1 3 2 2
2007.3 8034.8 -8.8 280 0 25.6 16.2 10.0 2.5 2 0 4 1 1
1873.6 8277.1 -9.3 57 0 6.5 12.9 5.0 2.5 2 1 2 5 5
-5631.7 8679.4 -12.1 92 0 23.5 9.2 2.5 2.5 2 0 1 0 0
-5579.9 8780.9 -12.3 91 0 7.2 47.9 7.5 2.5 2 1 3 1 1
-5594.3 8759.4 -12.2 116 0 8.7 7.6 7.5 2.5 2 0 3 3 3
-6631.2 1085.1 -3.7 3 0 47.5 12.8 7.5 2.5 2 0 3 5 5
-4497.0 6934.7 -6.5 183 0 12.5 8.8 2.5 2.5 2 0 1 0 0
-4493.7 6910.7 -6.4 89 0 8.6 6.9 2.5 2.5 2 0 1 2 2
-4493.0 6902.2 -6.3 85 0 6.8 8.5 7.5 2.5 2 0 3 5 5
-2825.1 5290.4 -2.3 94 0 25.2 54.6 7.5 0.0 0 1 3 5 5
-4460.6 6901.2 -6.4 90 0 12.9 32.9 5.0 2.5 2 1 2 4 4
-4424.7 6918.3 -6.3 182 0 28.6 11.2 2.5 0.0 0 0 1 3 3
-4558.4 6923.6 -6.5 182 0 18.3 10.4 10.0 2.5 2 0 4 4 4
-4475.1 6984.4 -6.7 264 0 7.2 16.8 5.0 0.0 0 1 2 1 1
-4478.6 6863.7 -6.2 91 0 10.1 15.0 2.5 2.5 4 1 1 2 2
-4463.6 6861.4 -6.1 90 0 13.1 16.6 2.5 2.5 2 1 1 5 5
-4524.9 6892.9 -6.3 272 0 10.6 29.3 7.5 2.5 2 1 3 2 2
-4540.2 6865.4 -6.2 93 0 11.3 10.3 5.0 2.5 2 0 2 2 2
-4521.7 6966.0 -6.7 87 0 11.2 7.9 2.5 2.5 2 0 1 3 3
-4548.1 6666.0 -5.2 233 0 23.6 15.1 7.5 2.5 2 0 3 4 4
-4624.3 6736.2 -5.6 182 0 13.8 13.0 5.0 2.5 2 0 2 3 3
-4608.6 6657.8 -5.3 1 0 8.6 27.2 7.5 2.5 2 1 3 2 2
-4648.8 6712.2 -5.6 96 0 9.4 36.2 7.5 2.5 4 1 3 2 2
-4675.1 6731.5 -5.6 1 0 35.9 10.7 5.0 2.5 2 0 2 1 1
-4687.0 6679.4 -5.4 270 0 12.8 25.7 7.5 0.0 0 1 3 0 0
-4765.2 6676.6 -5.4 358 0 26.7 8.8 10.5 2.5 2 0 3 4 4
-4838.3 6549.5 -5.0 180 0 8.9 49.4 7.5 2.5 2 1 3 4 4
-4450.1 6803.9 -5.9 91 0 10.2 31.7 10.0 2.5 2 1 4 5 5
-4463.9 6804.2 -5.9 92 0 10.5 30.7 10.0 0.0 0 1 4 2 2
-4496.4 6808.0 -5.9 94 0 12.8 18.2 2.5 2.5 2 1 1 4 4
-4543.2 6767.0 -5.7 95 0 13.0 9.4 5.0 2.5 4 0 2 0 0
-4530.5 6767.3 -5.7 93 0 8.7 11.7 5.0 2.5 2 1 2 3 3
-4516.1 6764.6 -5.7 94 0 6.4 17.2 5.0 2.5 2 1 2 3 3
-4469.0 6783.1 -5.7 276 0 8.8 8.6 2.5 2.5 2 0 1 4 4
-4453.3 6796.6 -5.7 270 0 6.2 14.9 5.0 2.5 2 1 2 2 2
-4633.3 6813.1 -6.0 90 0 8.4 8.8 5.0 2.5 2 1 2 2 2
-4613.2 6864.4 -6.3 94 0 11.3 20.8 5.0 2.5 4 1 2 0 0
-4656.9 6937.8 -6.6 272 0 11.0 14.2 5.0 2.5 2 1 2 0 0
-4692.7 6929.0 -6.6 191 0 19.3 14.7 10.0 2.5 2 0 4 3 3
-4776.6 6910.3 -6.6 89 0 12.2 20.6 7.5 2.5 2 1 3 5 5
-4788.9 6944.8 -6.7 273 0 9.8 19.6 5.0 2.5 2 1 2 1 1
-4806.4 6941.9 -6.7 271 0 11.6 19.3 5.0 2.5 2 1 2 3 3
-4825.6 6934.1 -6.7 181 0 19.1 10.5 2.5 2.5 2 0 1 5 5
-4803.5 6975.6 -7.0 94 0 9.1 14.7 2.5 2.5 2 1 1 1 1
-4714.8 6970.3 -6.9 92 0 13.4 17.6 5.0 2.5 2 1 2 4 4
-4670.9 6966.4 -6.8 90 0 12.6 17.2 5.0 2.5 2 1 2 2 2
-4654.3 6995.4 -6.9 274 0 11.5 20.6 12.5 2.5 2 1 5 4 4
-4640.2 6971.0 -6.8 90 0 11.1 13.3 2.5 2.5 2 1 1 4 4
-5011.7 6578.9 -5.2 267 0 7.5 12.5 5.0 0.0 0 1 2 5 5
-4738.9 6714.9 -5.6 94 0 7.0 33.6 7.5 2.5 2 1 3 1 1
-5061.5 6770.5 -5.8 95 0 7.2 11.5 5.0 2.5 2 1 2 2 2
-5047.8 6795.9 -5.8 277 0 12.8 11.9 5.0 0.0 0 0 2 3 3
-5031.4 6799.8 -5.8 275 0 11.9 25.0 7.5 2.5 2 1 3 2 2
-4928.5 6798.0 -6.0 276 0 9.6 16.5 2.5 2.5 2 1 1 0 0
-4862.4 6778.3 -5.9 4 0 9.1 13.0 5.0 2.5 2 1 2 2 2
-4849.2 6775.6 -5.9 5 0 22.5 9.9 7.5 2.5 2 0 3 0 0
-4848.6 6833.6 -6.2 0 0 20.6 8.8 7.5 0.0 0 0 3 3 3
-5917.3 7001.8 -6.8 1 0 15.0 4.1 7.5 2.5 2 0 3 0 0
-6002.7 7108.0 -7.8 90 0 22.5 22.4 7.5 0.0 0 0 3 1 1
-6004.7 7092.0 -7.5 90 0 16.1 15.2 10.5 2.5 2 0 3 2 2
-6000.8 7083.5 -7.3 360 0 16.3 21.2 7.5 2.5 2 0 3 4 4
-6036.1 7071.9 -7.2 180 0 5.9 31.1 3.5 2.5 2 0 1 0 0
-5830.3 6830.4 -6.5 271 0 22.6 12.2 7.5 2.5 2 0 3 0 0
-5810.1 6828.5 -6.5 266 0 9.0 22.2 3.5 2.5 2 1 1 3 3
-5785.8 6816.2 -6.4 2 0 29.0 14.4 10.0 2.5 2 0 4 2 2
-5892.3 7163.8 -7.9 181 0 5.0 19.0 3.5 2.5 2 0 1 0 0
-5867.5 7141.2 -7.8 3 0 15.5 25.6 10.0 2.5 2 1 4 3 3
-5895.9 7047.8 -7.1 183 0 16.0 28.6 5.0 2.5 2 0 2 2 2
-5895.6 7072.5 -7.1 181 0 13.4 24.3 7.5 2.5 2 0 3 5 5
-5898.3 7005.1 -7.0 182 0 12.5 30.9 5.0 2.5 2 1 2 0 0
-5893.8 6979.8 -6.8 271 0 18.9 5.7 10.5 2.5 2 0 3 0 0
-5893.5 6989.4 -6.8 272 0 9.8 9.6 10.5 2.5 2 0 3 2 2
-5863.7 6924.2 -6.6 1 0 15.4 36.5 10.0 2.5 2 0 4 1 1
-5904.0 6911.7 -6.6 182 0 7.5 30.6 10.5 2.5 2 0 3 2 2
-5863.5 6903.2 -6.6 2 0 7.5 40.7 7.5 2.5 2 0 3 2 2
-5863.3 6883.4 -6.6 2 0 15.5 41.6 7.5 2.5 2 0 3 4 4
-5865.3 6828.0 -6.5 0 0 7.1 40.9 7.5 2.5 2 0 3 5 5
-5906.2 6813.5 -6.5 180 0 5.5 21.2 7.0 2.5 2 0 2 4 4
-5906.5 6807.6 -6.5 185 0 6.1 33.5 7.0 2.5 2 0 2 1 1
-5904.7 6799.2 -6.5 181 0 6.3 31.0 5.0 2.5 2 0 2 0 0
-5906.9 6790.4 -6.5 181 0 9.8 24.2 10.5 2.5 2 0 3 5 5
-5869.3 6777.1 -6.5 0 0 14.5 35.0 7.5 2.5 2 0 3 2 2
-5868.9 6761.9 -6.5 1 0 14.7 35.8 15.0 0.0 0 0 6 1 1
-5900.2 6922.5 -6.7 2 0 13.3 4.8 7.5 2.5 2 0 3 5 5
-5995.3 7212.7 -8.1 1 0 20.7 12.7 5.0 2.5 2 0 2 1 1
-642.7 3560.9 -2.2 273 0 6.2 18.1 2.5 2.5 2 1 1 3 3
-2744.6 3860.3 -3.9 359 0 14.9 39.4 7.5 0.0 0 1 3 4 4
-2754.5 3932.4 -4.0 270 0 14.7 39.9 10.0 0.0 0 1 4 0 0
-2490.1 3199.3 -3.5 360 0 10.0 14.7 5.0 2.5 2 1 2 2 2
-2549.5 3210.5 -3.5 180 0 36.8 10.2 10.0 2.5 2 0 4 1 1
-2623.4 3141.6 -3.5 90 0 11.6 21.5 10.0 2.5 2 1 4 0 0
-2686.9 3133.4 -3.5 360 0 20.1 21.8 7.5 2.5 2 1 3 3 3
-3616.8 4394.0 -4.3 297 0 15.7 15.3 5.0 2.5 2 0 2 2 2
-3538.0 4379.3 -4.2 342 0 5.3 22.6 5.0 2.5 2 1 2 1 1
-3693.1 4377.3 -4.4 236 0 7.2 12.4 7.5 0.0 0 1 3 5 5
-3818.2 4332.5 -4.7 308 0 9.3 10.4 7.5 2.5 2 1 3 5 5
-3567.4 4358.2 -4.1 129 0 6.3 6.2 5.0 2.5 4 0 2 3 3
-3409.8 4501.8 -4.7 72 0 8.2 6.3 7.5 2.5 2 0 3 3 3
-4494.7 3929.3 -4.9 107 0 9.5 8.5 5.0 2.5 2 0 2 3 3
-4595.7 4062.9 -5.1 117 0 13.5 18.0 5.0 2.5 2 1 2 0 0
-4625.8 4029.4 -5.1 37 0 8.9 9.9 2.5 2.5 2 1 1 2 2
-4791.8 4356.8 -5.5 142 0 10.5 23.3 10.0 0.0 0 1 4 2 2
-4806.4 4313.5 -5.4 301 0 9.7 9.0 7.5 2.5 2 0 3 4 4
-4788.0 4557.5 -5.6 96 0 10.3 11.9 5.0 2.5 2 1 2 2 2
-2969.1 -3848.5 -1.0 182 0 6.4 10.8 2.5 2.5 2 1 1 1 1
-2884.5 -3701.8 -0.9 250 0 10.1 17.9 10.0 2.5 2 1 4 4 4
-2917.7 -3707.7 -0.9 253 0 16.4 19.5 10.0 2.5 2 1 4 3 3
-2931.3 -3712.3 -0.9 250 0 9.8 19.0 7.5 2.5 2 1 3 5 5
-2954.8 -3719.9 -0.9 251 0 11.4 19.9 12.5 2.5 2 1 5 2 2
-2980.3 -3762.5 -1.0 181 0 16.0 17.7 10.0 2.5 4 1 4 4 4
-2949.8 -3770.1 -1.0 77 0 9.2 17.1 7.5 2.5 2 1 3 1 1
-2924.5 -3764.6 -0.9 77 0 10.5 20.7 7.5 2.5 2 1 3 5 5
-2874.5 -3758.3 -0.9 96 0 9.9 17.9 7.5 2.5 2 1 3 1 1
-2820.0 -3774.3 -0.9 115 0 16.9 19.5 10.0 2.5 2 1 4 2 2
-2778.1 -3738.3 -0.9 358 0 19.2 18.7 7.5 2.5 2 0 3 1 1
-2776.6 -3694.1 -0.8 359 0 10.0 18.2 7.5 2.5 2 1 3 3 3
-3078.3 -1864.8 -0.2 181 0 11.3 34.9 10.0 0.0 0 1 4 4 4
-3051.1 -2093.5 -0.2 182 0 22.6 12.2 10.0 2.5 2 0 4 1 1
-2786.9 -3656.7 -0.8 270 0 14.4 17.8 7.5 2.5 2 1 3 2 2
-2986.4 -2669.5 -0.4 182 0 15.5 16.0 7.5 2.5 2 1 3 2 2
-3215.4 -6313.1 -3.1 270 0 38.6 34.6 12.5 0.0 0 0 5 0 0
-3182.1 -6492.2 -3.3 1 0 18.4 9.5 2.5 0.0 0 0 1 2 2
-3243.5 -6527.6 -3.3 90 0 38.4 15.6 7.5 2.5 2 0 3 4 4
-3647.0 -7922.1 -5.1 91 0 57.9 21.1 7.5 2.5 2 0 3 5 5
-3714.5 -7898.7 -5.1 272 0 58.2 20.9 7.5 2.5 2 0 3 3 3
-3045.1 -178.9 0.1 93 0 155.5 59.2 7.5 0.0 0 0 3 4 4
-6299.0 -5079.7 -5.2 90 0 68.2 35.6 12.5 0.0 0 0 5 1 1
-3315.0 -7497.6 -4.4 183 0 12.6 22.6 10.0 2.5 2 1 4 3 3
-4120.3 -7445.7 -4.9 89 0 32.1 7.8 7.5 2.5 2 0 3 3 3
-4086.7 -7444.1 -4.8 90 0 28.9 7.7 2.5 0.0 0 0 1 0 0
-4052.8 -7445.2 -4.8 90 0 32.3 7.7 2.5 2.5 2 0 1 1 1
-2310.1 8400.1 -9.1 227 0 51.8 32.7 7.5 0.0 0 0 3 4 4
-2524.7 8379.2 -9.2 182 0 18.6 88.8 7.5 0.0 0 0 3 3 3
-4116.1 -7476.9 -4.9 224 0 12.1 17.4 5.0 2.5 2 1 2 5 5
-4101.6 -7470.1 -4.9 228 0 5.7 5.7 7.5 2.5 2 1 3 2 2
-4142.8 -7443.2 -4.9 116 0 6.6 6.9 7.5 2.5 2 1 3 4 4
-4003.8 -7294.5 -4.6 1 0 33.9 33.5 10.0 0.0 0 0 4 5 5
-4021.7 -7482.7 -4.8 360 0 10.8 5.8 5.0 0.0 0 0 2 5 5
-2764.3 -3829.5 -0.9 133 0 14.9 19.9 12.5 2.5 4 1 5 2 2
-2724.1 -3857.0 -0.9 359 0 20.1 20.6 7.5 2.5 2 1 3 3 3
-2724.2 -3891.0 -0.9 360 0 10.1 18.7 7.5 2.5 2 1 3 2 2
-2778.6 -3876.3 -1.0 351 0 22.9 16.2 10.0 2.5 2 0 4 3 3
2505.9 -1234.8 0.2 338 0 26.8 17.1 5.0 2.5 4 0 2 3 3
-2786.7 -3860.0 -0.9 334 0 11.5 20.0 12.5 2.5 2 1 5 3 3
6445.1 6624.8 -9.9 130 0 5.7 5.6 5.0 2.5 2 0 2 3 3
-2749.5 -3944.6 -1.0 198 0 18.4 16.1 5.0 2.5 2 0 2 3 3
2286.7 -702.4 0.4 181 0 17.8 21.0 2.5 2.5 2 1 1 0 0
-2305.0 -3130.0 -0.4 275 0 12.5 17.2 5.0 2.5 2 1 2 4 4
2062.3 264.4 -0.5 271 0 14.4 19.8 15.0 0.0 0 1 6 0 0
-2322.6 -3128.6 -0.4 269 0 12.9 17.5 5.0 2.5 2 1 2 3 3
-2342.7 -3131.7 -0.4 263 0 6.9 19.0 5.0 2.5 2 1 2 0 0
-2362.9 -3136.2 -0.4 258 0 12.6 16.8 5.0 2.5 2 1 2 1 1
-2378.3 -3141.4 -0.4 254 0 12.8 20.8 10.0 2.5 4 1 4 4 4
618.7 5034.3 1.4 358 0 40.1 82.4 7.5 0.0 0 0 3 2 2
-5504.0 -5538.4 -4.0 359 0 8.3 5.4 7.5 2.5 2 0 3 1 1
-2779.4 -3924.4 -1.0 11 0 9.7 19.0 7.5 2.5 2 1 3 4 4
-1903.6 -4539.8 -1.1 270 0 12.5 19.0 5.0 2.5 2 1 2 4 4
-1921.8 -4552.0 -1.1 180 0 22.9 12.8 10.0 2.5 2 0 4 2 2
-1906.1 -4504.9 -1.1 89 0 12.7 18.9 5.0 2.5 2 1 2 1 1
-1893.4 -4481.0 -1.0 262 0 12.7 14.9 2.5 2.5 2 1 1 4 4
-1866.9 -4547.5 -1.1 215 0 11.9 11.2 2.5 2.5 2 0 1 4 4
-2789.2 3126.9 -3.5 48 0 25.5 15.6 7.5 2.5 2 0 3 4 4
-1850.1 -4496.6 -1.0 329 0 12.5 15.8 2.5 2.5 2 1 1 2 2
-5486.9 -6334.6 -4.7 270 0 15.2 6.0 2.5 2.5 2 0 1 0 0
1050.3 3756.6 -3.4 200 0 13.0 15.6 2.5 0.0 0 1 1 3 3
1052.8 3774.1 -3.4 189 0 19.9 14.3 2.5 2.5 2 0 1 1 1
5767.0 4739.1 -5.5 180 0 64.4 45.7 7.5 0.0 0 0 3 3 3
5765.9 4854.0 -5.1 180 0 43.1 45.7 7.5 0.0 0 0 3 5 5
987.9 3762.5 -3.4 198 0 11.9 22.9 2.5 2.5 2 1 1 0 0
1017.9 3740.9 -3.3 295 0 9.8 19.5 2.5 2.5 2 1 1 3 3
1124.1 3749.6 -3.4 245 0 9.7 20.3 2.5 2.5 2 1 1 4 4
1138.0 3784.6 -3.4 188 0 9.1 20.1 2.5 0.0 0 1 1 3 3
1139.1 3806.3 -3.4 188 0 9.7 16.4 2.5 2.5 2 1 1 0 0
1182.4 3798.6 -3.4 270 0 10.1 15.5 2.5 0.0 0 1 1 0 0
1220.5 3754.8 -3.4 226 0 12.7 16.9 2.5 2.5 2 1 1 0 0
1285.6 3747.1 -3.4 359 0 8.8 15.7 2.5 2.5 4 1 1 2 2
1282.7 3706.0 -3.4 314 0 9.6 20.8 2.5 2.5 2 1 1 5 5
1314.7 3697.6 -3.4 243 0 9.8 14.7 2.5 2.5 4 1 1 0 0
1344.8 3730.8 -3.4 0 0 12.6 19.8 2.5 0.0 0 1 1 2 2
1335.9 3747.7 -3.4 358 0 10.5 17.8 2.5 0.0 0 1 1 4 4
1336.7 3775.4 -3.4 359 0 19.6 19.1 2.5 2.5 2 0 1 0 0
1334.5 3801.7 -3.4 331 0 15.7 17.1 2.5 2.5 2 1 1 2 2
1260.3 3817.9 -3.4 101 0 9.9 16.5 2.5 2.5 2 1 1 4 4
1180.9 3855.4 -3.4 281 0 12.9 20.3 2.5 0.0 0 1 1 3 3
1136.9 3866.5 -3.4 278 0 14.2 18.3 2.5 2.5 2 1 1 5 5
1112.0 3870.0 -3.4 278 0 18.0 18.1 2.5 2.5 2 1 1 2 2
1092.7 3872.6 -3.4 279 0 11.7 18.0 2.5 2.5 2 1 1 0 0
-6452.1 -1218.3 -2.6 180 0 63.7 42.4 7.5 0.0 0 0 3 0 0
1239.0 3822.5 -3.4 102 0 9.8 16.6 2.5 2.5 2 1 1 5 5
1227.3 3844.2 -3.4 281 0 11.0 18.8 2.5 2.5 2 1 1 4 4
-6041.7 -3666.5 -3.1 270 0 24.3 36.4 10.0 0.0 0 1 4 5 5
-5900.4 -3868.2 -3.1 359 0 67.1 25.5 10.0 0.0 0 0 4 4 4
-420.7 3426.0 -3.0 169 0 8.5 9.4 2.5 2.5 2 1 1 5 5
3972.8 6455.8 -6.5 189 0 10.8 38.9 17.5 3.5 2 1 5 5 5
3836.8 6906.2 -8.1 269 0 9.6 18.9 10.5 3.5 4 1 3 0 0
3482.5 436.1 -0.4 0 0 70.7 64.5 10.0 0.0 0 0 4 5 5
2932.2 6072.9 -4.8 180 0 21.0 32.5 14.0 0.0 0 1 4 1 1
-6104.8 -7648.3 -6.7 270 0 13.0 22.2 10.0 2.5 2 1 4 4 4
-6315.5 -7828.9 -7.1 179 0 12.1 27.7 10.0 2.5 4 1 4 1 1
-6232.2 -7842.8 -7.0 90 0 14.6 6.3 5.0 2.5 4 0 2 4 4
