4126.1 10410.6 -10.8 90 0 10.0 9.1 10.5 2.5 2 0 3 3 3
4165.0 10383.5 -10.8 91 0 12.2 15.2 7.0 2.5 2 1 2 2 2
-1135.7 10659.7 -10.2 360 0 19.8 18.9 7.5 2.5 2 0 3 3 3
-1065.7 10210.5 -9.4 175 0 42.2 18.9 7.5 2.5 2 0 3 5 5
-1070.5 10249.3 -9.5 174 0 28.8 19.0 10.0 2.5 2 0 4 0 0
-1068.7 10310.2 -9.6 262 0 18.8 42.3 7.5 2.5 2 1 3 2 2
-1094.8 10251.0 -9.5 354 0 28.2 17.7 10.0 2.5 2 0 4 0 0
-1099.4 10287.9 -9.5 351 0 28.1 18.3 7.5 2.5 2 0 3 1 1
746.4 9683.8 -8.5 1 0 23.4 44.1 7.5 0.0 0 1 3 0 0
709.3 9757.8 -8.7 180 0 22.0 26.5 7.5 2.5 2 1 3 2 2
611.0 9353.4 -8.1 241 0 19.1 44.1 7.5 2.5 2 1 3 3 3
-3511.1 12442.0 -13.1 269 0 7.0 20.1 5.0 2.5 2 1 2 0 0
-4633.3 7856.2 -6.3 199 0 16.2 9.5 2.5 2.5 2 0 1 4 4
-4688.3 7838.6 -6.4 275 0 10.1 18.0 5.0 2.5 2 1 2 3 3
4702.7 12389.7 -13.9 269 0 39.4 39.3 10.0 0.0 0 0 4 1 1
1475.4 12340.5 -13.2 360 0 19.4 36.4 10.0 0.0 0 1 4 1 1
6689.3 12254.0 -16.4 276 0 36.5 40.8 10.0 0.0 0 1 4 2 2
1765.2 12428.9 -13.3 249 0 26.1 14.3 10.0 2.5 2 0 4 3 3
1770.6 12452.7 -13.4 339 0 5.5 39.4 2.5 2.5 2 1 1 0 0
6759.9 12093.0 -16.2 269 0 15.4 35.3 12.5 2.5 2 1 5 0 0
6594.2 12281.3 -16.4 297 0 30.5 38.7 10.0 0.0 0 1 4 5 5
6254.0 12248.5 -16.0 297 0 24.3 28.7 7.5 0.0 0 1 3 1 1
5163.1 9328.6 -10.1 180 0 12.1 19.0 2.5 2.5 2 1 1 3 3
1502.3 11129.7 -11.0 89 0 8.2 9.3 5.0 2.5 2 1 2 3 3
1435.9 10819.2 -10.5 269 0 6.8 7.6 5.0 2.5 2 1 2 1 1
1542.4 11181.8 -11.1 271 0 7.3 8.1 5.0 2.5 2 1 2 5 5
1476.5 10916.5 -10.7 70 0 7.5 11.7 7.5 2.5 4 1 3 0 0
896.3 10600.0 -10.0 89 0 60.8 24.3 7.5 2.5 2 0 3 1 1
850.8 10628.2 -10.1 89 0 20.9 54.7 10.0 0.0 0 1 4 3 3
940.4 10596.6 -10.0 269 0 20.8 39.4 10.0 0.0 0 1 4 5 5
-5525.5 12462.6 -13.9 270 0 79.0 16.2 5.0 0.0 0 0 2 0 0
-5523.5 12338.1 -13.1 90 0 65.6 8.2 7.5 2.5 2 0 3 4 4
-1120.5 10326.1 -9.6 183 0 28.5 18.2 10.0 2.5 2 0 4 5 5
956.1 9395.5 -8.1 180 0 44.3 32.5 7.5 0.0 0 0 3 1 1
973.8 9505.9 -8.3 180 0 18.2 44.1 15.0 0.0 0 1 6 3 3
994.9 9274.9 -8.0 90 0 44.0 32.6 7.5 0.0 0 0 3 3 3
2772.1 12277.3 -11.9 0 0 18.7 21.8 7.5 2.5 2 1 3 5 5
2757.0 12242.6 -11.8 181 0 12.1 29.2 10.0 2.5 2 1 4 2 2
2805.4 8330.5 -7.2 180 0 89.5 27.0 7.5 0.0 0 0 3 2 2
3035.8 7994.6 -6.6 180 0 46.6 190.0 5.0 0.0 0 1 2 1 1
3223.8 8434.4 -7.4 180 0 42.7 53.1 7.5 0.0 0 1 3 5 5
3591.5 8464.7 -7.7 270 0 97.3 71.5 10.0 0.0 0 0 4 5 5
3693.5 8552.8 -7.9 1 0 40.7 56.7 10.0 0.0 0 1 4 0 0
3620.3 8553.3 -7.9 359 0 30.1 66.7 10.0 0.0 0 1 4 5 5
3673.4 8703.3 -8.1 271 0 34.9 73.3 10.0 0.0 0 1 4 4 4
3564.1 8777.1 -8.2 1 0 29.1 22.9 10.0 0.0 0 0 4 4 4
3674.4 8719.0 -8.2 91 0 33.7 71.9 7.5 0.0 0 1 3 0 0
3550.2 8629.9 -7.9 90 0 26.4 22.2 12.5 2.5 2 0 5 2 2
2963.2 8843.3 -7.9 89 0 98.7 70.6 10.0 0.0 0 0 4 3 3
2912.3 8741.3 -7.7 180 0 20.9 70.4 7.5 2.5 2 1 3 5 5
2911.9 8701.9 -7.6 180 0 21.0 70.4 10.0 2.5 2 1 4 2 2
2982.4 8657.4 -7.6 1 0 21.1 70.4 7.5 0.0 0 1 3 1 1
2805.9 8408.6 -7.3 181 0 58.9 27.2 10.0 0.0 0 0 4 2 2
2819.1 8249.0 -7.1 270 0 26.0 24.5 7.5 0.0 0 0 3 0 0
3658.9 9088.5 -8.7 271 0 60.9 122.0 10.0 0.0 0 1 4 5 5
5844.6 8436.6 -9.4 0 0 59.5 84.8 10.0 0.0 0 1 4 1 1
4573.7 8012.0 -7.8 1 0 26.5 36.7 7.5 0.0 0 0 3 0 0
1274.4 9684.1 -8.6 181 0 46.4 26.3 5.0 0.0 0 0 2 1 1
1354.4 9645.6 -8.6 91 0 18.0 33.2 10.0 2.5 2 1 4 5 5
693.3 9427.3 -8.2 180 0 29.2 75.0 12.5 0.0 0 0 5 3 3
879.3 9443.7 -8.2 270 0 53.6 29.1 7.5 2.5 2 0 3 2 2
2735.6 9185.9 -8.3 360 0 6.7 42.3 7.5 2.5 4 1 3 0 0
4356.0 9298.6 -9.4 181 0 37.4 7.0 7.5 2.5 2 0 3 1 1
4469.3 11476.2 -12.0 180 0 12.7 17.4 7.5 2.5 2 1 3 2 2
5279.3 12393.3 -14.5 179 0 43.0 59.2 7.5 0.0 0 1 3 4 4
4532.2 12385.3 -13.8 241 0 59.1 37.9 7.5 0.0 0 0 3 0 0
1592.5 9665.0 -8.7 181 0 41.3 30.6 7.5 0.0 0 0 3 3 3
2686.7 9283.5 -8.5 91 0 14.8 19.5 7.5 2.5 2 0 3 1 1
2633.7 9111.1 -8.2 359 0 51.4 14.6 10.0 2.5 2 0 4 0 0
2649.0 9111.1 -8.2 179 0 53.9 16.7 10.0 2.5 2 0 4 0 0
2672.0 9172.7 -8.3 360 0 19.5 60.8 12.5 2.5 2 1 5 4 4
2715.6 9165.8 -8.3 270 0 24.7 24.9 12.5 0.0 0 1 5 5 5
961.3 10624.8 -10.1 270 0 22.1 24.3 7.5 2.5 2 0 3 3 3
953.3 10629.1 -10.1 89 0 47.4 54.7 10.0 0.0 0 1 4 5 5
945.4 10692.7 -10.2 90 0 51.1 30.7 7.5 0.0 0 0 3 4 4
5503.7 12400.5 -14.8 360 0 26.6 26.8 7.5 0.0 0 1 3 1 1
5532.1 12404.3 -14.8 179 0 15.4 24.9 7.5 2.5 2 0 3 2 2
4793.1 12399.5 -14.0 181 0 18.2 20.5 12.5 2.5 2 1 5 0 0
4462.2 9327.5 -9.5 88 0 15.0 16.6 10.0 2.5 2 1 4 1 1
4452.2 9295.8 -9.5 88 0 25.8 10.8 10.0 2.5 2 0 4 1 1
4532.8 9396.9 -9.7 359 0 53.9 59.5 10.0 0.0 0 1 4 3 3
4461.4 9488.6 -9.8 270 0 30.7 24.1 7.5 0.0 0 0 3 0 0
4342.4 9292.7 -9.4 1 0 9.1 26.9 7.5 2.5 2 1 3 5 5
4333.4 8975.2 -8.9 89 0 27.7 40.5 10.0 0.0 0 1 4 4 4
4335.2 8963.2 -8.9 270 0 27.0 40.6 7.5 0.0 0 0 3 2 2
4334.0 8868.3 -8.8 90 0 27.1 54.3 10.0 2.5 2 0 4 5 5
4134.1 8909.8 -8.7 360 0 61.7 30.8 7.5 0.0 0 0 3 0 0
4202.8 8937.1 -8.8 1 0 23.2 50.7 5.0 0.0 0 1 2 0 0
4160.0 9184.4 -9.1 179 0 24.8 30.4 10.0 0.0 0 1 4 2 2
4160.5 9134.1 -9.0 180 0 23.9 30.4 7.5 0.0 0 1 3 5 5
4121.8 9051.4 -8.9 359 0 14.8 38.9 7.5 2.5 2 1 3 1 1
4144.1 9044.9 -8.9 90 0 24.4 15.3 7.5 2.5 4 0 3 5 5
4439.8 9528.5 -9.8 182 0 30.4 18.1 10.0 2.5 2 0 4 4 4
4360.1 9485.3 -9.7 92 0 12.4 26.7 12.5 2.5 2 1 5 0 0
4338.2 9381.3 -9.5 1 0 30.7 19.3 10.0 2.5 2 0 4 1 1
2738.2 7738.8 -6.3 181 0 10.1 13.8 5.0 2.5 2 1 2 3 3
2911.5 8618.7 -7.5 181 0 21.1 70.4 10.0 2.5 2 1 4 1 1
3845.4 8074.8 -7.4 90 0 56.4 56.7 10.0 0.0 0 1 4 2 2
3113.9 8529.9 -7.5 89 0 54.1 34.1 7.5 0.0 0 0 3 4 4
4141.9 8974.3 -8.8 89 0 15.7 58.0 10.0 2.5 2 1 4 5 5
3875.2 8951.5 -8.6 271 0 28.2 88.9 7.5 0.0 0 1 3 2 2
4501.7 8077.8 -7.8 181 0 25.0 36.4 10.0 0.0 0 0 4 3 3
3429.9 8957.5 -8.4 1 0 36.3 55.9 15.0 0.0 0 1 6 5 5
3787.8 8095.4 -7.4 1 0 43.3 15.1 7.5 2.5 2 0 3 1 1
3802.8 9063.5 -8.7 271 0 29.1 46.0 7.5 0.0 0 1 3 0 0
3324.1 8630.5 -7.8 89 0 57.8 24.4 7.5 2.5 2 0 3 5 5
3783.1 8170.0 -7.5 91 0 23.1 72.8 7.5 0.0 0 1 3 3 3
4069.9 9002.7 -8.8 179 0 58.0 15.7 7.5 2.5 2 0 3 2 2
4471.6 8127.2 -7.9 271 0 13.1 7.6 5.0 2.5 4 0 2 5 5
4114.8 8974.0 -8.8 89 0 15.7 58.0 7.5 0.0 0 1 3 1 1
4274.8 8994.8 -8.9 180 0 40.4 27.4 7.5 0.0 0 0 3 2 2
3383.2 9102.6 -8.5 90 0 18.4 19.8 10.0 2.5 2 0 4 0 0
3879.9 9064.7 -8.8 270 0 33.4 36.8 10.0 0.0 0 1 4 3 3
3321.3 8608.9 -7.8 89 0 51.9 21.6 7.5 2.5 2 0 3 5 5
3379.5 9131.9 -8.6 180 0 19.1 18.3 10.0 2.5 2 0 4 3 3
4569.8 8277.0 -8.1 155 0 8.3 9.7 5.0 2.5 2 0 2 4 4
3080.1 12302.1 -12.0 90 0 20.6 13.8 12.5 2.5 2 0 5 2 2
3924.1 7964.9 -7.3 1 0 97.8 26.6 10.0 0.0 0 0 4 4 4
1365.4 12131.4 -12.8 359 0 27.3 4.9 5.0 2.5 2 0 2 5 5
5974.2 12404.1 -15.8 0 0 22.5 37.7 7.5 0.0 0 1 3 3 3
4977.1 12413.0 -14.2 270 0 18.1 18.4 7.5 2.5 2 1 3 1 1
4662.7 12234.3 -13.6 181 0 45.7 32.3 7.5 0.0 0 0 3 4 4
817.7 10507.3 -9.9 359 0 8.0 13.1 7.5 2.5 2 1 3 1 1
815.7 10358.2 -9.6 91 0 7.7 63.3 7.5 2.5 2 1 3 4 4
723.3 10423.8 -9.7 271 0 4.9 58.3 7.5 2.5 4 1 3 2 2
735.9 9552.7 -8.4 179 0 14.7 11.9 15.0 0.0 0 0 6 2 2
791.3 9288.4 -8.0 179 0 122.0 24.6 7.5 0.0 0 0 3 5 5
2542.3 10549.4 -10.4 91 0 12.5 16.1 5.0 2.5 2 1 2 3 3
2532.0 10582.5 -10.4 162 0 8.1 14.6 5.0 0.0 0 1 2 2 2
2525.7 10595.6 -10.4 162 0 9.6 17.5 2.5 2.5 2 1 1 4 4
2512.8 10636.0 -10.5 155 0 12.7 16.2 2.5 2.5 4 1 1 4 4
2503.6 10655.2 -10.5 154 0 7.8 15.7 2.5 2.5 2 1 1 1 1
2489.9 10680.1 -10.6 151 0 12.4 15.5 5.0 0.0 0 1 2 0 0
2360.5 12400.4 -12.6 43 0 22.4 12.4 5.0 2.5 2 0 2 4 4
2336.2 12405.5 -12.6 130 0 12.7 19.6 5.0 2.5 2 1 2 1 1
2365.7 12448.8 -12.7 201 0 11.9 23.0 7.5 2.5 2 1 3 3 3
2371.3 12462.0 -12.8 201 0 13.3 22.1 10.0 2.5 2 1 4 2 2
2389.6 12479.9 -12.8 291 0 20.5 12.8 10.0 2.5 4 0 4 2 2
2325.8 12443.3 -12.7 311 0 13.0 24.3 7.5 2.5 2 1 3 4 4
2336.2 12459.3 -12.8 112 0 24.3 13.2 10.0 2.5 4 0 4 2 2
2335.7 12482.8 -12.8 204 0 12.1 21.3 5.0 2.5 2 1 2 3 3
2314.8 12452.6 -12.7 314 0 11.9 24.8 7.5 2.5 2 1 3 0 0
1337.8 9233.6 -8.0 5 0 39.5 25.5 7.5 0.0 0 0 3 5 5
1342.8 9285.2 -8.0 6 0 38.8 25.6 10.0 0.0 0 0 4 4 4
896.0 9575.3 -8.4 269 0 13.9 25.2 10.0 2.5 2 1 4 3 3
4750.5 12096.0 -13.4 75 0 19.3 17.8 7.5 2.5 2 0 3 5 5
4694.6 12137.8 -13.4 270 0 19.0 15.9 12.5 0.0 0 0 5 1 1
4693.7 12095.2 -13.3 107 0 18.5 16.7 7.5 2.5 2 0 3 0 0
4722.1 12093.6 -13.4 90 0 18.8 16.4 7.5 2.5 2 0 3 4 4
4750.7 12139.5 -13.5 271 0 19.1 16.4 7.5 2.5 2 0 3 2 2
4511.3 12033.1 -13.1 1 0 21.8 38.1 7.5 0.0 0 1 3 4 4
342.6 -62.5 -0.4 341 0 9.9 12.0 5.0 2.5 2 1 2 1 1
324.9 -74.7 -0.4 91 0 7.1 10.6 5.0 2.5 2 1 2 2 2
3185.8 5924.7 -3.8 17 0 6.6 7.1 7.5 0.0 0 1 3 5 5
4232.4 5645.8 -4.1 292 0 15.6 13.4 7.5 2.5 2 0 3 0 0
3703.0 5512.1 -3.6 354 0 5.0 12.1 7.5 2.5 2 1 3 5 5
3691.2 5527.0 -3.6 264 0 7.4 10.6 2.5 2.5 2 1 1 4 4
-460.4 -7213.8 -4.8 248 0 7.2 13.5 5.0 2.5 2 1 2 3 3
3441.1 4893.5 -3.0 49 0 8.6 14.0 7.5 2.5 4 1 3 1 1
4036.2 4697.5 -3.2 178 0 6.9 12.8 5.0 2.5 2 1 2 4 4
4061.6 4707.4 -3.2 356 0 8.8 16.7 5.0 2.5 2 1 2 5 5
1529.8 12309.0 -13.2 170 0 12.2 32.9 7.5 2.5 2 1 3 3 3
1544.9 12118.5 -12.9 178 0 12.5 36.1 7.5 2.5 2 1 3 4 4
1574.7 12183.2 -13.0 358 0 12.6 21.0 7.5 2.5 2 1 3 1 1
-430.7 -5999.8 -3.4 13 0 7.7 7.3 7.5 2.5 2 0 3 4 4
-433.8 -5980.2 -3.4 283 0 6.2 5.0 7.5 2.5 2 0 3 2 2
4241.7 -5576.1 -4.4 157 0 7.3 8.6 7.5 2.5 2 1 3 2 2
4346.4 12014.9 -12.9 1 0 11.0 32.7 7.5 2.5 2 1 3 3 3
4381.1 11851.2 -12.7 90 0 38.1 19.0 10.0 0.0 0 0 4 5 5
4391.7 11843.3 -12.7 271 0 17.3 44.1 7.5 2.5 2 1 3 2 2
4249.9 11188.4 -11.4 181 0 18.1 17.8 10.0 2.5 2 0 4 0 0
4345.9 11999.6 -12.9 1 0 11.0 32.7 15.0 0.0 0 1 6 0 0
4252.0 11352.7 -11.7 181 0 17.8 17.7 7.5 2.5 2 0 3 4 4
4399.7 11953.1 -12.9 1 0 37.3 27.4 10.0 0.0 0 0 4 5 5
3940.8 12375.6 -13.4 89 0 42.0 13.7 7.5 2.5 2 0 3 0 0
4341.6 11562.1 -12.1 91 0 10.9 43.5 10.0 2.5 2 1 4 0 0
4360.9 11788.2 -12.5 181 0 18.2 38.0 10.0 2.5 2 1 4 1 1
4212.0 11056.5 -11.1 180 0 11.7 19.6 10.0 2.5 2 1 4 1 1
4314.4 11583.8 -12.1 1 0 43.6 10.9 12.5 2.5 2 0 5 0 0
4221.2 11501.6 -11.8 270 0 12.5 22.0 10.0 2.5 2 1 4 1 1
4203.7 12384.9 -13.5 360 0 12.8 41.5 10.0 2.5 4 1 4 0 0
3983.8 12386.4 -13.4 263 0 41.9 13.3 10.0 2.5 2 0 4 3 3
4182.6 10607.4 -10.9 144 0 12.3 21.4 7.5 2.5 2 1 3 1 1
4146.6 10810.0 -10.8 1 0 12.3 22.5 7.5 2.5 2 1 3 0 0
3027.6 9865.0 -9.5 147 0 9.6 15.7 7.5 2.5 2 1 3 0 0
3227.9 9631.9 -9.2 360 0 26.2 14.2 10.0 2.5 2 0 4 4 4
3988.6 10766.4 -10.7 180 0 17.6 14.5 10.0 2.5 2 0 4 5 5
3525.5 9947.1 -9.9 161 0 11.4 18.5 7.5 2.5 2 1 3 3 3
3402.9 9683.6 -9.4 90 0 19.7 20.3 7.5 2.5 2 1 3 5 5
4183.1 10582.6 -10.9 211 0 12.5 23.7 7.5 2.5 4 1 3 3 3
4186.1 10788.3 -10.9 223 0 12.5 22.2 10.0 2.5 2 1 4 4 4
4156.5 10717.3 -10.8 0 0 12.5 24.1 7.5 2.5 2 1 3 4 4
3611.7 10406.4 -10.2 91 0 16.9 15.7 10.0 2.5 2 0 4 5 5
3879.0 9336.7 -9.2 179 0 22.0 20.0 10.0 2.5 2 0 4 4 4
3144.1 9596.9 -9.1 89 0 19.8 12.3 2.5 2.5 2 0 1 2 2
3757.8 10488.0 -10.3 91 0 11.2 18.1 7.5 2.5 2 1 3 0 0
3937.7 9327.4 -9.2 90 0 20.0 20.8 10.0 2.5 2 1 4 2 2
3676.4 10462.6 -10.3 271 0 11.0 17.2 12.5 0.0 0 1 5 1 1
3913.2 9326.4 -9.2 90 0 20.0 21.7 10.0 2.5 2 1 4 4 4
3712.6 10489.3 -10.3 91 0 10.6 20.0 7.5 2.5 2 1 3 5 5
3166.0 9682.3 -9.3 202 0 10.1 16.3 7.5 2.5 2 1 3 0 0
3745.9 10445.2 -10.3 180 0 11.6 18.4 7.5 2.5 2 1 3 0 0
4181.3 10690.2 -10.9 181 0 12.4 23.5 10.0 2.5 4 1 4 1 1
2813.8 8819.6 -7.9 181 0 30.7 18.2 10.0 2.5 2 0 4 5 5
1550.3 8258.2 -6.7 201 0 11.1 19.1 7.5 2.5 2 1 3 3 3
4293.4 10030.6 -10.5 60 0 7.5 14.6 5.0 2.5 2 1 2 0 0
1448.8 8698.9 -7.2 89 0 12.8 19.6 5.0 2.5 2 1 2 3 3
1561.7 8339.0 -6.8 181 0 11.6 19.2 7.5 2.5 2 1 3 5 5
2811.7 8859.1 -7.9 180 0 19.7 33.4 10.0 0.0 0 1 4 0 0
2814.1 9104.0 -8.3 180 0 16.3 35.4 7.5 2.5 2 1 3 2 2
2896.7 9256.8 -8.5 91 0 10.8 33.0 10.0 2.5 2 1 4 4 4
2952.6 9309.5 -8.6 180 0 16.6 14.5 2.5 2.5 2 0 1 5 5
4188.3 9596.4 -9.7 46 0 31.5 15.0 12.5 0.0 0 0 5 3 3
4362.4 9825.3 -10.2 180 0 7.5 14.3 5.0 2.5 2 1 2 2 2
4150.7 9466.7 -9.5 295 0 12.8 19.7 7.5 2.5 4 1 3 5 5
4215.5 9445.5 -9.5 270 0 19.4 15.7 7.5 2.5 2 0 3 0 0
4342.4 9815.3 -10.2 360 0 14.2 10.7 2.5 2.5 2 0 1 4 4
4313.2 9823.0 -10.2 270 0 7.6 14.1 2.5 2.5 2 1 1 2 2
1561.9 8352.6 -6.8 180 0 11.6 19.0 10.0 2.5 2 1 4 4 4
1519.8 8196.9 -6.6 217 0 11.8 19.2 7.5 2.5 2 1 3 0 0
6743.1 10202.0 -12.9 1 0 8.1 18.7 7.5 2.5 2 1 3 5 5
3897.5 9510.6 -9.4 90 0 15.7 22.1 10.0 2.5 2 1 4 0 0
2884.7 12392.8 -11.9 180 0 16.2 34.3 7.5 2.5 4 1 3 2 2
2863.5 12395.3 -11.8 89 0 11.7 16.6 7.5 2.5 2 1 3 0 0
3514.8 12113.5 -12.1 331 0 11.4 19.5 5.0 2.5 2 1 2 1 1
2696.0 10511.4 -10.4 306 0 76.9 58.6 10.0 0.0 0 0 4 4 4
2903.4 11182.2 -10.6 271 0 22.6 84.9 10.0 0.0 0 1 4 0 0
2833.0 10358.6 -10.2 181 0 30.3 25.8 10.0 0.0 0 0 4 0 0
2832.8 10296.7 -10.1 181 0 28.4 23.6 10.0 0.0 0 0 4 5 5
2812.0 8912.6 -8.0 180 0 59.0 21.9 7.5 2.5 2 0 3 1 1
572.5 7851.7 -5.1 271 0 33.0 18.0 7.5 2.5 2 0 3 4 4
5208.9 11235.3 -13.1 180 0 27.8 17.4 10.0 2.5 2 0 4 3 3
5536.5 11232.2 -13.4 95 0 16.3 26.8 7.5 0.0 0 1 3 1 1
5284.5 11146.8 -13.1 95 0 15.2 18.5 7.5 2.5 2 1 3 1 1
5114.3 11277.3 -13.0 359 0 9.1 10.9 7.5 0.0 0 1 3 4 4
2744.9 10480.9 -10.3 306 0 14.1 44.1 10.0 2.5 2 1 4 5 5
3075.8 8950.6 -8.1 89 0 9.5 9.8 7.5 2.5 2 1 3 1 1
2303.0 8772.7 -7.6 144 0 8.4 22.6 7.5 0.0 0 1 3 4 4
2298.8 8779.2 -7.6 139 0 13.0 22.3 7.5 2.5 2 1 3 5 5
3483.3 8725.1 -8.0 360 0 34.3 17.6 5.0 0.0 0 0 2 1 1
714.8 9777.5 -8.7 180 0 17.5 11.0 7.5 2.5 2 0 3 4 4
347.3 9340.9 -8.0 0 0 44.9 32.1 10.0 0.0 0 0 4 5 5
402.4 9291.5 -8.0 1 0 32.3 44.6 7.5 0.0 0 1 3 4 4
6854.4 12252.4 -16.6 269 0 22.2 33.8 10.0 0.0 0 1 4 3 3
6610.7 12245.8 -16.3 23 0 21.7 12.0 10.0 2.5 2 0 4 5 5
6922.2 12217.0 -16.6 90 0 61.0 35.7 7.5 0.0 0 0 3 0 0
6441.5 12182.6 -16.0 297 0 21.7 36.3 7.5 0.0 0 1 3 5 5
6328.4 12231.2 -16.0 297 0 23.6 18.2 12.5 2.5 2 0 5 4 4
6134.5 12334.8 -16.0 297 0 36.7 60.0 7.5 0.0 0 1 3 2 2
6649.3 12101.8 -16.1 278 0 15.8 23.4 7.5 2.5 2 1 3 5 5
6677.1 12095.6 -16.1 276 0 18.5 29.6 10.0 2.5 2 1 4 3 3
6639.7 12224.8 -16.3 104 0 12.8 31.0 7.5 2.5 2 1 3 5 5
6491.5 12159.1 -16.0 297 0 9.4 26.8 7.5 2.5 2 0 3 5 5
6502.8 12153.3 -16.0 297 0 16.1 28.9 7.5 2.5 2 0 3 3 3
6538.9 12132.9 -16.0 297 0 24.8 24.9 10.0 0.0 0 1 4 0 0
6475.6 12168.3 -16.0 297 0 9.9 37.0 5.0 2.5 2 1 2 1 1
-339.3 7793.0 -4.9 179 0 7.1 13.5 2.5 2.5 2 1 1 1 1
762.8 12386.8 -13.0 1 0 19.4 95.1 15.0 0.0 0 1 6 4 4
5960.0 12328.1 -15.8 90 0 49.6 23.5 10.0 0.0 0 0 4 3 3
6019.0 12380.1 -16.0 0 0 36.5 23.7 5.0 0.0 0 0 2 4 4
1726.5 10668.1 -10.3 313 0 29.9 12.3 10.0 2.5 2 0 4 2 2
1736.2 10667.1 -10.3 134 0 44.8 12.2 7.5 0.0 0 0 3 5 5
1729.3 10787.9 -10.5 42 0 5.2 13.8 10.5 2.5 2 1 3 1 1
1830.9 10725.1 -10.4 269 0 14.2 7.5 10.5 2.5 2 0 3 4 4
1845.4 10735.7 -10.4 179 0 7.9 11.2 7.0 2.5 2 1 2 4 4
1479.9 10392.9 -9.8 19 0 10.2 25.1 10.0 0.0 0 1 4 3 3
1904.8 10363.6 -9.8 178 0 15.5 22.1 7.5 2.5 2 1 3 2 2
1899.1 10387.5 -9.9 152 0 18.1 28.4 10.0 2.5 2 1 4 2 2
1878.6 10409.8 -9.9 120 0 10.5 29.3 12.5 0.0 0 1 5 4 4
1541.2 10456.3 -9.9 267 0 9.8 24.4 7.5 2.5 2 1 3 2 2
1482.8 10468.1 -9.9 250 0 13.3 25.3 10.0 2.5 4 1 4 2 2
1450.9 10357.9 -9.7 180 0 8.3 22.3 7.5 2.5 2 1 3 3 3
1472.4 10283.0 -9.6 155 0 13.2 22.1 10.0 2.5 2 1 4 5 5
1483.3 10258.1 -9.6 152 0 9.9 23.5 7.5 2.5 2 1 3 3 3
1509.3 10215.0 -9.5 150 0 9.9 22.7 7.5 2.5 4 1 3 5 5
1521.9 10193.4 -9.5 149 0 10.9 22.9 7.5 2.5 2 1 3 2 2
1543.5 10152.1 -9.4 149 0 12.5 26.0 7.5 2.5 2 1 3 4 4
1568.8 10110.7 -9.4 149 0 13.0 25.9 10.0 2.5 2 1 4 1 1
1581.6 10090.3 -9.3 148 0 13.2 25.8 10.0 2.5 2 1 4 4 4
1630.4 10011.1 -9.2 150 0 9.6 23.8 7.5 2.5 2 1 3 4 4
1818.6 10802.9 -10.5 91 0 9.6 11.4 7.0 2.5 2 1 2 1 1
1808.1 10798.9 -10.5 268 0 11.8 9.8 7.0 2.5 2 0 2 3 3
1818.6 10781.9 -10.5 180 0 9.5 11.5 7.0 2.5 2 1 2 4 4
1849.4 10789.5 -10.5 100 0 12.0 9.5 7.0 2.5 2 0 2 5 5
1558.2 10130.4 -9.4 149 0 10.9 24.8 7.5 2.5 2 1 3 2 2
1717.1 9948.1 -9.1 19 0 10.9 20.9 7.5 2.5 2 1 3 2 2
1608.6 10257.0 -9.6 69 0 14.1 22.6 10.0 2.5 2 1 4 3 3
1633.1 10264.5 -9.6 74 0 12.3 24.7 7.5 2.5 2 1 3 3 3
1553.1 10240.3 -9.6 150 0 22.9 20.5 15.0 0.0 0 0 6 3 3
1655.4 10270.4 -9.6 78 0 10.6 24.4 5.0 2.5 2 1 2 0 0
1679.4 10274.8 -9.6 81 0 10.2 26.2 7.5 2.5 2 1 3 5 5
1772.1 10346.7 -9.8 18 0 19.4 19.7 10.0 2.5 2 1 4 0 0
1769.0 10387.0 -9.8 269 0 18.8 20.2 7.5 0.0 0 1 3 2 2
1710.8 10351.3 -9.8 196 0 22.3 19.4 5.0 0.0 0 0 2 4 4
1683.9 10340.8 -9.8 284 0 10.0 28.0 7.5 2.5 2 1 3 0 0
1669.2 10354.1 -9.8 357 0 17.3 17.6 7.5 2.5 2 1 3 4 4
1670.7 10391.2 -9.8 270 0 17.0 21.3 7.5 0.0 0 1 3 1 1
1605.8 10359.7 -9.8 180 0 11.8 30.1 10.0 0.0 0 1 4 2 2
1572.1 10360.2 -9.8 360 0 11.2 25.0 12.5 2.5 2 1 5 0 0
1563.6 10399.2 -9.8 269 0 18.0 19.7 12.5 0.0 0 1 5 2 2
1536.7 10270.8 -9.6 153 0 17.4 27.5 10.0 0.0 0 1 4 1 1
-1029.2 9464.0 -8.2 196 0 16.7 25.1 2.5 2.5 2 1 1 1 1
1746.6 9885.3 -9.0 57 0 10.0 25.1 7.5 2.5 2 1 3 2 2
1744.8 9936.2 -9.1 198 0 10.4 27.9 10.0 0.0 0 1 4 0 0
1790.8 9922.2 -9.1 90 0 10.5 33.7 10.0 2.5 4 1 4 5 5
1926.8 9959.6 -9.2 60 0 11.3 29.7 7.5 0.0 0 1 3 2 2
1950.7 10013.7 -9.3 179 0 16.8 17.3 7.5 2.5 2 1 3 4 4
593.1 8608.1 -6.7 33 0 10.3 29.8 7.5 2.5 2 1 3 4 4
588.4 8536.3 -6.6 318 0 11.1 26.2 10.0 0.0 0 1 4 4 4
-2252.0 10692.0 -10.5 96 0 14.0 20.6 15.0 0.0 0 1 6 4 4
-2271.4 10664.0 -10.5 275 0 7.2 25.8 7.5 0.0 0 1 3 4 4
1917.8 10032.3 -9.3 59 0 11.9 26.5 7.5 2.5 2 1 3 1 1
1787.5 9986.8 -9.2 93 0 11.8 23.7 7.5 2.5 2 1 3 0 0
1758.5 9992.0 -9.2 102 0 10.2 25.0 7.5 2.5 4 1 3 0 0
1731.0 9998.1 -9.2 99 0 10.2 28.2 7.5 2.5 2 1 3 3 3
1901.5 10100.0 -9.4 225 0 14.3 21.3 7.5 0.0 0 1 3 2 2
1961.1 10147.4 -9.5 16 0 14.1 29.0 7.5 0.0 0 1 3 1 1
1942.8 10189.6 -9.6 192 0 11.3 27.2 10.0 0.0 0 1 4 1 1
1968.9 10219.1 -9.6 347 0 19.8 28.1 10.0 2.5 2 1 4 2 2
1908.9 10245.5 -9.7 119 0 10.4 25.8 10.0 2.5 2 1 4 2 2
1800.2 10337.2 -9.8 199 0 10.5 27.0 5.0 0.0 0 1 2 4 4
1811.6 10386.3 -9.9 185 0 11.9 22.0 7.5 0.0 0 1 3 1 1
1832.5 10090.4 -9.4 73 0 10.5 27.2 7.5 0.0 0 1 3 1 1
1592.8 10217.6 -9.5 253 0 14.3 29.0 7.5 0.0 0 1 3 2 2
1600.8 10164.2 -9.4 151 0 23.6 19.8 7.5 0.0 0 0 3 2 2
1623.1 10124.9 -9.4 152 0 19.4 21.6 12.5 0.0 0 1 5 0 0
1648.8 10083.7 -9.3 151 0 23.4 19.7 7.5 2.5 2 0 3 4 4
1680.1 10087.0 -9.3 72 0 12.8 27.0 7.5 2.5 2 1 3 3 3
1703.3 10093.7 -9.4 82 0 11.1 24.5 5.0 0.0 0 1 2 4 4
1750.6 10092.9 -9.4 101 0 10.7 27.5 7.5 0.0 0 1 3 1 1
1781.5 10086.4 -9.4 98 0 20.0 23.2 12.5 2.5 2 1 5 5 5
1802.7 10084.8 -9.4 90 0 12.1 29.6 10.0 0.0 0 1 4 0 0
1880.9 10121.2 -9.5 40 0 12.4 23.5 7.5 2.5 2 1 3 5 5
1899.0 10146.6 -9.5 25 0 10.1 27.4 10.0 0.0 0 1 4 2 2
1914.0 10208.6 -9.6 340 0 17.4 23.8 10.0 0.0 0 1 4 3 3
1795.6 10158.6 -9.5 257 0 13.4 21.3 5.0 0.0 0 1 2 1 1
1849.9 10203.9 -9.6 209 0 9.7 24.1 7.5 2.5 2 1 3 3 3
1632.9 10166.4 -9.5 66 0 10.8 25.5 7.5 0.0 0 1 3 5 5
1655.5 10175.4 -9.5 74 0 10.8 19.0 10.0 0.0 0 1 4 5 5
1684.1 10187.4 -9.5 81 0 22.9 17.7 10.0 0.0 0 0 4 4 4
1705.3 10185.8 -9.5 87 0 10.9 24.1 10.0 2.5 2 1 4 0 0
1731.6 10186.4 -9.5 90 0 11.8 28.1 7.5 0.0 0 1 3 4 4
1758.1 10184.7 -9.5 95 0 14.5 22.4 10.0 0.0 0 1 4 5 5
1805.3 10194.4 -9.6 350 0 22.7 27.1 7.5 2.5 2 1 3 2 2
1840.9 10265.5 -9.7 18 0 10.0 24.0 7.5 2.5 2 1 3 0 0
1859.7 10317.3 -9.8 19 0 12.8 21.5 7.5 0.0 0 1 3 5 5
1615.7 10227.6 -9.6 247 0 13.3 27.6 10.0 0.0 0 1 4 4 4
1720.9 10249.3 -9.6 265 0 13.4 21.6 10.0 2.5 2 1 4 3 3
1745.6 10254.0 -9.6 246 0 11.1 25.3 7.5 2.5 2 1 3 0 0
-3257.9 9482.0 -8.7 150 0 14.8 22.3 5.0 2.5 2 1 2 0 0
5853.7 11054.3 -13.4 271 0 14.4 29.2 10.0 0.0 0 1 4 2 2
5997.2 11007.7 -13.5 51 0 15.1 19.2 10.0 2.5 2 1 4 2 2
5852.9 10989.0 -13.3 181 0 18.0 12.6 7.5 2.5 2 0 3 3 3
5970.3 11107.0 -13.6 179 0 26.2 19.2 7.5 2.5 4 0 3 3 3
5970.4 10997.2 -13.4 321 0 15.4 11.9 2.5 2.5 2 0 1 0 0
1862.5 10561.4 -10.2 268 0 14.5 13.6 7.5 2.5 2 0 3 1 1
1855.2 10542.2 -10.1 180 0 8.7 15.3 5.0 2.5 2 1 2 5 5
1853.2 10525.0 -10.1 179 0 10.2 17.6 2.5 2.5 2 1 1 5 5
1855.1 10511.7 -10.1 180 0 7.8 15.9 2.5 2.5 2 1 1 4 4
1854.5 10497.1 -10.0 188 0 8.1 16.1 5.0 2.5 2 1 2 0 0
1854.8 10478.7 -10.0 212 0 12.7 15.7 5.0 2.5 2 1 2 5 5
1846.8 10461.5 -10.0 57 0 12.4 16.3 2.5 2.5 4 1 1 5 5
1826.1 10476.6 -10.0 268 0 7.8 15.2 5.0 2.5 2 1 2 3 3
1809.9 10478.0 -10.0 270 0 10.0 17.6 2.5 2.5 2 1 1 0 0
1748.1 10479.1 -10.0 270 0 9.8 18.9 5.0 2.5 2 1 2 2 2
1717.1 10460.3 -10.0 89 0 12.9 16.0 5.0 2.5 2 1 2 4 4
1704.0 10476.6 -10.0 269 0 7.7 15.0 2.5 2.5 2 1 1 0 0
1686.5 10459.5 -9.9 89 0 13.3 17.0 5.0 2.5 2 1 2 2 2
1657.3 10477.4 -10.0 270 0 9.7 17.1 5.0 2.5 2 1 2 4 4
1624.6 10460.8 -9.9 93 0 13.0 15.0 5.0 2.5 2 1 2 4 4
1612.3 10479.6 -10.0 279 0 8.4 15.1 5.0 2.5 2 1 2 1 1
1582.3 10485.4 -10.0 284 0 10.4 16.5 5.0 2.5 2 1 2 2 2
1567.6 10488.4 -10.0 281 0 10.4 16.9 2.5 2.5 2 1 1 4 4
1535.7 10492.5 -10.0 277 0 11.8 14.2 2.5 2.5 2 1 1 5 5
1507.2 10499.3 -10.0 280 0 9.7 14.8 5.0 0.0 0 1 2 1 1
1479.8 10508.2 -10.0 316 0 10.4 16.7 2.5 2.5 2 1 1 1 1
1479.8 10533.4 -10.0 11 0 7.7 14.0 5.0 2.5 2 1 2 0 0
1489.7 10564.4 -10.1 24 0 13.2 16.0 2.5 2.5 2 1 1 5 5
1482.3 10585.5 -10.1 207 0 12.4 15.5 5.0 2.5 2 1 2 5 5
1489.9 10600.1 -10.1 210 0 13.5 16.8 5.0 2.5 2 1 2 3 3
1498.7 10613.9 -10.1 212 0 13.5 17.1 5.0 2.5 2 1 2 3 3
1528.6 10640.3 -10.2 307 0 15.7 12.6 5.0 2.5 2 0 2 4 4
731.2 9578.4 -8.4 360 0 5.7 13.1 5.0 2.5 2 1 2 4 4
3301.2 8547.3 -7.6 269 0 40.2 10.0 10.0 2.5 2 0 4 4 4
3266.0 8513.3 -7.6 180 0 11.6 31.5 7.5 2.5 2 1 3 0 0
3390.6 8593.1 -7.8 269 0 28.8 10.9 7.5 2.5 2 0 3 1 1
3263.7 8754.3 -7.9 270 0 19.1 8.6 2.5 2.5 2 0 1 3 3
2069.5 10801.6 -10.6 78 0 10.8 25.9 10.0 2.5 4 1 4 2 2
2047.5 10794.8 -10.6 45 0 13.1 25.8 10.0 0.0 0 1 4 3 3
2035.5 10726.4 -10.5 1 0 13.0 20.1 10.0 2.5 2 1 4 1 1
1973.1 10689.4 -10.4 181 0 12.5 22.0 10.0 0.0 0 1 4 1 1
1974.1 10735.0 -10.5 181 0 10.4 25.0 7.5 2.5 2 1 3 2 2
1975.4 10780.7 -10.6 179 0 13.4 25.5 10.0 0.0 0 1 4 0 0
-2332.5 10152.5 -9.5 359 0 20.5 10.3 7.5 2.5 2 0 3 3 3
870.3 10081.4 -9.2 90 0 17.6 11.8 5.0 2.5 2 0 2 4 4
995.5 10629.1 -10.1 90 0 6.7 13.5 7.5 2.5 2 1 3 5 5
1022.5 10604.9 -10.0 89 0 9.6 8.1 5.0 2.5 2 0 2 0 0
1035.5 10599.4 -10.0 270 0 7.4 13.8 7.5 2.5 2 1 3 4 4
714.4 9343.9 -8.0 89 0 15.5 9.7 7.5 2.5 2 0 3 3 3
643.4 9549.4 -8.3 12 0 20.7 25.8 10.0 0.0 0 1 4 2 2
3952.5 8075.8 -7.5 91 0 22.8 32.2 7.5 0.0 0 1 3 0 0
3942.4 8154.4 -7.6 181 0 80.6 23.1 7.5 0.0 0 0 3 3 3
1499.8 10533.0 -10.0 191 0 14.9 12.8 5.0 2.5 2 0 2 4 4
1516.6 10521.1 -10.0 100 0 7.0 17.5 2.5 2.5 2 1 1 3 3
1532.9 10518.1 -10.0 101 0 9.4 16.7 5.0 2.5 2 1 2 5 5
1552.9 10513.6 -10.0 99 0 12.2 16.5 2.5 2.5 2 1 1 1 1
1562.6 10512.8 -10.0 99 0 8.6 16.1 2.5 2.5 4 1 1 1 1
1578.2 10509.5 -10.0 101 0 10.4 17.7 2.5 2.5 2 1 1 3 3
1607.6 10503.5 -10.0 101 0 10.6 18.3 2.5 2.5 2 1 1 4 4
1622.4 10501.3 -10.0 100 0 7.8 15.5 2.5 2.5 2 1 1 1 1
1641.6 10499.4 -10.0 90 0 9.2 19.0 5.0 2.5 2 1 2 3 3
1655.4 10499.4 -10.0 89 0 7.9 20.9 7.5 2.5 2 1 3 3 3
1692.1 10498.3 -10.0 88 0 12.5 18.9 5.0 2.5 2 1 2 5 5
1716.6 10499.1 -10.0 90 0 8.6 17.6 2.5 2.5 2 1 1 4 4
1746.7 10499.1 -10.0 89 0 7.8 16.7 2.5 2.5 2 1 1 1 1
1764.5 10499.8 -10.0 89 0 12.3 16.7 5.0 2.5 2 1 2 4 4
1806.6 10499.7 -10.0 91 0 6.5 16.2 2.5 2.5 2 1 1 4 4
1822.5 10548.3 -10.1 269 0 12.4 16.0 5.0 2.5 2 1 2 5 5
1810.0 10548.3 -10.1 269 0 12.3 17.1 5.0 2.5 2 1 2 4 4
1778.3 10548.7 -10.1 271 0 13.3 17.5 2.5 2.5 2 1 1 1 1
1745.8 10548.3 -10.1 270 0 13.0 16.8 2.5 2.5 2 1 1 1 1
5172.3 9349.0 -10.1 270 0 19.0 10.8 5.0 0.0 0 0 2 0 0
5126.0 9346.6 -10.1 269 0 12.1 21.1 12.5 2.5 4 1 5 2 2
5177.9 9379.0 -10.1 89 0 20.4 21.7 7.5 2.5 4 1 3 3 3
5099.1 9537.1 -10.3 106 0 21.3 20.4 7.5 2.5 2 0 3 2 2
-407.0 10150.1 -9.2 85 0 11.0 26.3 10.0 2.5 2 1 4 5 5
-2314.5 12161.3 -13.0 167 0 10.6 29.9 10.0 0.0 0 1 4 4 4
-3721.6 10545.1 -10.2 198 0 14.2 21.2 10.0 2.5 2 1 4 0 0
506.4 10606.6 -10.0 0 0 16.0 25.9 7.5 2.5 4 1 3 0 0
-3250.8 9466.4 -8.7 161 0 13.2 22.1 5.0 0.0 0 1 2 5 5
503.3 10581.4 -10.0 1 0 8.5 25.2 7.5 2.5 2 1 3 3 3
506.4 10623.7 -10.0 1 0 8.3 25.2 7.5 0.0 0 1 3 3 3
506.6 10653.4 -10.1 1 0 16.3 25.1 7.5 2.5 2 1 3 2 2
476.8 10719.9 -10.2 22 0 9.7 25.2 7.5 2.5 2 1 3 2 2
506.2 10536.5 -9.9 3 0 8.5 27.1 7.5 2.5 2 1 3 1 1
485.8 10493.2 -9.8 91 0 8.6 26.3 7.5 2.5 2 1 3 2 2
526.2 10501.9 -9.8 184 0 8.6 26.7 7.5 0.0 0 1 3 2 2
527.2 10544.4 -9.9 181 0 8.6 27.1 5.0 2.5 2 1 2 4 4
527.3 10588.1 -10.0 182 0 9.1 27.0 7.5 2.5 2 1 3 5 5
530.5 10600.3 -10.0 180 0 17.1 26.2 10.0 2.5 4 1 4 0 0
530.1 10630.2 -10.0 181 0 8.8 26.5 7.5 0.0 0 1 3 2 2
530.8 10672.2 -10.1 181 0 11.6 26.1 10.0 2.5 2 1 4 1 1
512.3 10728.9 -10.2 84 0 9.3 27.0 7.5 2.5 4 1 3 2 2
533.7 10734.2 -10.2 90 0 8.5 24.9 7.5 2.5 2 1 3 4 4
554.6 10735.8 -10.2 88 0 9.0 27.4 7.5 2.5 2 1 3 3 3
4688.2 11546.2 -12.4 126 0 45.0 20.4 12.5 2.5 2 0 5 4 4
4476.8 11640.2 -12.3 92 0 30.9 112.4 10.0 0.0 0 1 4 1 1
4480.5 11556.6 -12.2 93 0 26.6 39.8 10.0 2.5 2 1 4 3 3
4369.4 11885.5 -12.7 181 0 28.3 29.2 10.0 0.0 0 0 4 0 0
4363.4 11915.3 -12.8 181 0 30.4 35.5 7.5 0.0 0 0 3 1 1
4367.7 11983.9 -12.9 181 0 17.0 34.2 10.0 2.5 2 0 4 1 1
4367.9 11999.8 -12.9 181 0 15.0 33.8 12.5 2.5 2 0 5 5 5
4401.6 12014.3 -13.0 0 0 14.4 23.9 7.5 2.5 2 0 3 2 2
-4284.3 8422.4 -7.4 99 0 60.6 23.1 10.0 0.0 0 0 4 1 1
1716.3 10544.7 -10.1 269 0 12.7 15.6 2.5 2.5 2 1 1 5 5
1681.6 10547.4 -10.1 283 0 8.1 8.8 7.5 2.5 2 1 3 0 0
1666.0 10553.0 -10.1 285 0 10.0 20.0 12.5 2.5 2 1 5 0 0
1634.6 10569.2 -10.1 289 0 8.9 21.3 2.5 2.5 2 1 1 5 5
1624.1 10575.6 -10.1 290 0 7.6 20.6 2.5 2.5 2 1 1 0 0
1610.6 10583.0 -10.1 292 0 7.9 14.3 5.0 2.5 2 1 2 1 1
1595.8 10589.2 -10.1 294 0 9.9 20.5 5.0 0.0 0 1 2 4 4
1580.1 10597.6 -10.1 295 0 12.6 14.8 5.0 2.5 2 1 2 1 1
1568.9 10603.7 -10.1 297 0 7.7 22.9 7.5 2.5 2 1 3 2 2
2020.8 10342.7 -9.8 156 0 14.4 25.1 7.5 0.0 0 1 3 0 0
2007.4 10361.7 -9.9 149 0 11.7 26.8 10.0 0.0 0 1 4 2 2
1998.3 10383.7 -9.9 148 0 10.2 22.8 10.0 0.0 0 1 4 5 5
1982.5 10405.0 -9.9 153 0 10.1 27.5 15.0 0.0 0 1 6 0 0
1963.0 10454.7 -10.0 159 0 15.5 25.8 12.5 0.0 0 1 5 2 2
1984.9 10485.0 -10.1 348 0 24.7 20.5 10.0 2.5 2 0 4 3 3
1931.7 10477.5 -10.0 128 0 13.2 24.6 7.5 0.0 0 1 3 3 3
1987.6 10529.3 -10.1 87 0 12.2 24.1 7.5 0.0 0 1 3 0 0
1963.6 10531.8 -10.1 90 0 11.7 21.9 10.0 0.0 0 1 4 2 2
2040.2 10273.4 -9.7 180 0 14.8 24.0 7.5 0.0 0 1 3 1 1
2039.4 10289.9 -9.8 169 0 14.9 23.5 12.5 0.0 0 1 5 5 5
2028.8 10318.8 -9.8 161 0 12.2 27.1 7.5 0.0 0 1 3 4 4
2092.7 10292.5 -9.8 172 0 11.5 22.0 10.0 0.0 0 1 4 1 1
2159.4 10201.3 -9.7 113 0 20.1 22.2 10.0 2.5 2 1 4 1 1
2087.9 10317.2 -9.8 170 0 12.4 24.0 10.0 0.0 0 1 4 4 4
2094.8 10265.9 -9.8 179 0 10.4 26.4 7.5 0.0 0 1 3 4 4
2095.1 10235.2 -9.7 182 0 18.4 22.0 12.5 2.5 2 1 5 2 2
2089.5 10195.6 -9.6 64 0 12.6 21.9 7.5 0.0 0 1 3 4 4
2040.2 10273.4 -9.7 180 0 14.8 24.0 10.0 0.0 0 1 4 3 3
2039.4 10289.9 -9.8 169 0 14.9 23.5 7.5 0.0 0 1 3 4 4
2028.8 10318.8 -9.8 161 0 12.2 27.1 7.5 0.0 0 1 3 5 5
2156.5 10549.3 -10.2 77 0 10.6 26.6 10.0 0.0 0 1 4 1 1
2387.6 10623.2 -10.4 127 0 16.8 18.1 10.0 2.5 2 1 4 5 5
2296.4 10595.0 -10.4 65 0 12.4 25.1 7.5 0.0 0 1 3 5 5
2274.3 10585.7 -10.3 67 0 10.3 24.5 10.0 2.5 2 1 4 5 5
2180.2 10555.4 -10.3 79 0 12.0 23.6 10.0 2.5 2 1 4 0 0
2129.9 10544.1 -10.2 79 0 11.5 22.6 15.0 0.0 0 1 6 3 3
2086.4 10537.4 -10.2 81 0 17.6 25.0 7.5 2.5 2 1 3 4 4
2230.0 10325.2 -9.9 53 0 11.5 26.4 10.0 2.5 4 1 4 5 5
2208.0 10293.0 -9.8 354 0 10.5 23.0 7.5 2.5 2 1 3 4 4
2219.8 10243.6 -9.8 354 0 10.9 25.9 7.5 2.5 2 1 3 0 0
2201.8 10206.3 -9.7 46 0 14.3 22.0 10.0 0.0 0 1 4 2 2
2159.4 10201.3 -9.7 113 0 20.1 22.2 10.0 2.5 2 1 4 1 1
2087.9 10317.2 -9.8 170 0 12.4 24.0 7.5 2.5 2 1 3 0 0
2092.7 10292.5 -9.8 172 0 11.5 22.0 10.0 0.0 0 1 4 2 2
2094.8 10265.9 -9.8 179 0 10.4 26.4 12.5 0.0 0 1 5 1 1
2095.1 10235.2 -9.7 182 0 18.4 22.0 15.0 0.0 0 1 6 5 5
2089.5 10195.6 -9.6 64 0 12.6 21.9 7.5 0.0 0 1 3 4 4
2040.2 10273.4 -9.7 180 0 14.8 24.0 10.0 0.0 0 1 4 2 2
2039.4 10289.9 -9.8 169 0 14.9 23.5 7.5 0.0 0 1 3 0 0
2028.8 10318.8 -9.8 161 0 12.2 27.1 10.0 0.0 0 1 4 3 3
2081.4 10444.9 -10.0 83 0 10.2 26.4 7.5 2.5 2 1 3 5 5
2105.2 10447.6 -10.0 82 0 11.8 27.8 10.0 2.5 2 1 4 0 0
2133.4 10451.6 -10.1 81 0 17.4 27.5 7.5 0.0 0 1 3 0 0
2153.4 10446.8 -10.1 138 0 16.4 18.1 10.0 2.5 2 1 4 3 3
2092.0 10416.9 -10.0 264 0 10.3 24.4 12.5 0.0 0 1 5 5 5
2128.3 10514.9 -10.2 259 0 11.3 21.1 7.5 0.0 0 1 3 2 2
2152.8 10518.9 -10.2 260 0 9.6 23.3 7.5 2.5 2 1 3 5 5
2180.4 10528.1 -10.2 255 0 20.1 22.4 7.5 0.0 0 1 3 5 5
5206.1 9348.7 -10.1 270 0 14.7 20.5 7.5 0.0 0 1 3 2 2
5296.8 9288.3 -10.1 179 0 13.5 38.1 7.5 2.5 2 1 3 0 0
1679.1 11634.2 -12.0 89 0 17.4 20.6 5.0 2.5 2 1 2 0 0
5279.6 9299.1 -10.1 359 0 25.2 13.0 10.0 2.5 2 0 4 2 2
1700.2 11634.9 -12.0 89 0 17.2 20.4 10.0 2.5 2 1 4 5 5
1003.1 10883.3 -10.5 359 0 13.7 17.4 10.0 2.5 2 1 4 3 3
909.4 11494.7 -11.6 8 0 31.0 23.1 10.0 0.0 0 0 4 1 1
-1213.2 9812.2 -8.8 215 0 22.6 12.8 7.5 2.5 2 0 3 3 3
2541.3 8103.2 -6.8 270 0 18.5 21.3 7.5 2.5 2 1 3 4 4
2103.8 10351.7 -9.9 83 0 10.7 25.6 7.5 2.5 4 1 3 5 5
2160.0 10354.6 -9.9 74 0 16.2 23.8 5.0 2.5 2 1 2 0 0
2184.3 10363.9 -9.9 58 0 12.2 21.7 15.0 0.0 0 1 6 2 2
2210.8 10382.8 -10.0 51 0 16.2 23.7 12.5 2.5 2 1 5 3 3
2234.9 10412.1 -10.0 327 0 18.3 20.4 7.5 2.5 2 1 3 4 4
2219.7 10439.9 -10.1 338 0 10.8 21.0 7.5 2.5 2 1 3 4 4
2380.5 10430.4 -10.1 243 0 18.4 24.7 7.5 2.5 2 1 3 0 0
2405.9 10442.1 -10.1 234 0 10.5 22.8 7.5 0.0 0 1 3 1 1
2424.4 10485.9 -10.2 184 0 10.8 17.8 10.0 0.0 0 1 4 1 1
2410.0 10581.0 -10.4 160 0 16.7 26.6 12.5 2.5 2 1 5 4 4
4371.0 10934.7 -11.7 89 0 30.6 39.1 7.5 0.0 0 1 3 3 3
2791.2 12367.9 -12.1 360 0 21.4 33.8 7.5 0.0 0 1 3 4 4
4794.3 11951.0 -13.2 223 0 9.5 15.4 2.5 2.5 2 0 1 5 5
4952.9 11848.2 -13.2 45 0 36.9 66.3 7.5 0.0 0 0 3 0 0
4808.9 11848.9 -13.0 135 0 47.7 11.9 7.5 2.5 2 0 3 0 0
-3727.0 10533.3 -10.2 197 0 8.8 23.1 7.5 2.5 2 1 3 1 1
-3725.2 10500.8 -10.2 156 0 13.2 18.1 5.0 0.0 0 1 2 4 4
-3747.7 10554.1 -10.4 18 0 8.2 21.9 5.0 2.5 2 1 2 2 2
-3733.3 10597.7 -10.7 18 0 8.2 21.9 7.5 2.5 2 1 3 2 2
-3757.6 10509.3 -10.2 18 0 8.3 21.7 5.0 2.5 2 1 2 3 3
-3770.3 10483.6 -10.1 18 0 13.2 15.4 5.0 2.5 2 1 2 3 3
-3713.0 10658.4 -10.8 22 0 13.4 21.3 10.0 2.5 2 1 4 5 5
-3685.3 10675.7 -10.7 92 0 13.3 21.2 10.0 2.5 2 1 4 1 1
-3778.5 10467.7 -10.1 15 0 7.1 27.1 7.5 2.5 2 1 3 0 0
-3755.9 10531.5 -10.2 18 0 13.5 27.1 10.0 2.5 2 1 4 2 2
-3709.5 10593.2 -10.5 198 0 7.1 27.1 7.5 2.5 2 1 3 5 5
-3737.1 10589.4 -10.6 18 0 13.5 27.1 10.0 2.5 2 1 4 2 2
-3721.0 10558.0 -10.3 198 0 13.5 27.1 10.0 2.5 2 1 4 2 2
-1740.9 12301.4 -12.3 179 0 27.2 19.7 10.0 0.0 0 0 4 5 5
-1732.0 12196.4 -12.2 208 0 19.1 32.1 10.0 2.5 2 1 4 2 2
-1868.5 12227.9 -12.3 359 0 10.0 9.9 5.0 2.5 2 0 2 1 1
-1915.2 12309.1 -12.4 89 0 11.2 11.6 5.0 2.5 2 0 2 4 4
5199.9 8144.8 -8.5 129 0 16.1 21.6 10.0 0.0 0 1 4 2 2
2516.4 9686.2 -9.0 75 0 19.8 23.9 10.0 2.5 2 0 4 0 0
2509.6 9684.5 -9.0 73 0 15.0 23.6 7.5 2.5 2 0 3 5 5
2533.7 9730.6 -9.1 282 0 24.5 20.1 7.5 2.5 2 0 3 2 2
2493.8 9710.8 -9.0 301 0 11.3 25.5 10.0 2.5 2 1 4 3 3
6561.5 11282.4 -14.5 210 0 29.3 30.4 10.0 0.0 0 1 4 0 0
1704.7 8550.1 -7.1 181 0 14.2 33.8 7.5 2.5 2 1 3 4 4
-1742.1 9023.6 -7.5 5 0 16.7 23.7 10.0 2.5 2 1 4 2 2
2484.1 9202.6 -8.3 110 0 7.4 16.4 2.5 2.5 2 0 1 1 1
2493.3 9199.9 -8.3 104 0 11.5 16.1 5.0 2.5 2 0 2 1 1
2411.0 9216.6 -8.3 21 0 5.1 16.6 2.5 2.5 2 0 1 2 2
2452.9 9214.0 -8.3 110 0 7.9 15.9 5.0 2.5 2 0 2 3 3
-1740.7 9041.8 -7.5 6 0 10.2 22.0 12.5 2.5 2 1 5 5 5
1712.5 12429.6 -13.4 249 0 10.3 24.5 10.0 2.5 2 1 4 1 1
2228.8 10541.3 -10.2 254 0 19.0 20.0 10.0 2.5 2 1 4 0 0
2226.4 10508.8 -10.2 163 0 10.9 27.7 7.5 2.5 2 1 3 5 5
2233.4 10484.1 -10.2 162 0 10.8 24.7 15.0 0.0 0 1 6 3 3
2290.9 10425.9 -10.1 71 0 12.8 27.3 7.5 2.5 2 1 3 4 4
2316.1 10435.4 -10.1 69 0 16.8 18.0 7.5 2.5 2 1 3 5 5
2336.7 10443.5 -10.1 67 0 10.8 27.7 10.0 2.5 2 1 4 4 4
2360.0 10452.9 -10.2 66 0 10.2 24.5 10.0 0.0 0 1 4 5 5
2393.1 10533.0 -10.3 348 0 11.2 18.2 7.5 0.0 0 1 3 5 5
2386.5 10558.9 -10.3 340 0 10.5 22.0 12.5 2.5 2 1 5 1 1
2360.3 10592.6 -10.4 246 0 19.1 20.2 5.0 0.0 0 1 2 3 3
2272.3 10554.1 -10.3 246 0 18.5 18.7 10.0 2.5 2 1 4 1 1
2301.5 10505.3 -10.2 291 0 14.0 27.3 7.5 0.0 0 1 3 4 4
2323.9 10506.2 -10.2 247 0 10.8 25.2 7.5 2.5 2 1 3 1 1
2332.6 10522.9 -10.3 180 0 21.6 24.7 7.5 0.0 0 1 3 3 3
2322.1 10542.5 -10.3 157 0 14.7 23.4 7.5 2.5 2 1 3 2 2
2322.4 10576.7 -10.3 248 0 16.9 19.6 10.0 0.0 0 1 4 4 4
3847.4 8175.0 -7.6 91 0 36.6 62.3 2.5 0.0 0 1 1 2 2
