-6845.8 11917.5 -13.6 325 0 19.1 22.6 5.0 2.5 2 1 2 5 5
-3163.6 5465.9 -2.8 348 0 32.7 12.6 5.0 2.5 2 0 2 2 2
-3025.5 4939.9 -2.4 270 0 14.7 39.2 10.0 2.5 2 1 4 5 5
-3075.1 5128.5 -2.0 279 0 5.8 9.8 5.0 0.0 0 1 2 0 0
-3203.8 5016.0 -2.4 45 0 11.3 25.8 10.0 2.5 2 1 4 4 4
-3354.0 4749.0 -2.4 318 0 16.7 18.1 5.0 2.5 2 1 2 4 4
-3162.5 5098.7 -2.1 90 0 6.8 7.9 5.0 2.5 2 1 2 2 2
-3584.6 5732.2 -2.4 251 0 12.1 10.2 7.5 2.5 4 0 3 2 2
-3086.4 4989.5 -2.1 179 0 11.1 3.9 2.5 2.5 2 0 1 1 1
-3082.7 4980.5 -2.2 182 0 14.9 9.3 5.0 2.5 2 0 2 5 5
5687.4 6248.6 -6.3 269 0 7.5 16.8 7.5 2.5 2 1 3 5 5
5531.0 6451.4 -6.4 102 0 7.6 6.8 2.5 0.0 0 0 1 5 5
4141.0 10786.5 -10.2 181 0 11.7 18.6 5.0 0.0 0 1 2 5 5
5204.8 6178.2 -5.4 2 0 4.8 12.8 5.0 2.5 2 1 2 1 1
3882.5 9936.1 -8.6 181 0 12.8 18.3 7.5 2.5 2 1 3 2 2
4873.8 7861.1 -6.4 330 0 16.8 15.1 7.5 2.5 2 0 3 4 4
4328.0 10509.5 -9.9 269 0 13.5 22.1 12.5 2.5 2 1 5 1 1
5177.7 9319.2 -8.6 57 0 32.4 17.0 10.0 2.5 4 0 4 0 0
5262.4 10102.5 -9.9 267 0 27.9 12.3 7.5 2.5 2 0 3 1 1
5394.2 9354.7 -8.9 90 0 14.0 23.2 12.5 2.5 4 1 5 1 1
5378.1 10459.8 -10.6 181 0 18.2 34.9 5.0 0.0 0 1 2 1 1
5349.6 6145.4 -5.9 181 0 12.5 25.7 7.5 2.5 2 1 3 3 3
4251.3 10514.2 -9.8 271 0 12.2 18.1 7.5 2.5 2 1 3 0 0
4988.3 10620.7 -10.7 109 0 10.2 17.0 10.0 2.5 2 1 4 2 2
5133.8 6179.8 -5.3 2 0 6.9 30.5 7.5 2.5 2 1 3 4 4
4823.5 8266.0 -6.9 151 0 17.8 16.0 10.0 2.5 4 0 4 4 4
4490.3 7413.7 -5.6 180 0 25.9 13.8 7.5 2.5 2 0 3 2 2
5199.6 7896.6 -6.7 151 0 14.3 22.8 7.5 2.5 2 1 3 3 3
4773.9 9137.0 -8.1 344 0 10.4 34.7 5.0 0.0 0 1 2 4 4
4335.2 8300.5 -6.6 357 0 20.0 14.1 7.5 2.5 2 0 3 1 1
4355.5 7592.6 -5.7 79 0 18.1 13.3 5.0 2.5 2 0 2 4 4
5691.7 9567.2 -9.4 1 0 66.7 33.5 7.5 0.0 0 0 3 0 0
5879.8 9800.0 -9.9 93 0 25.8 54.7 10.0 2.5 2 1 4 0 0
4301.9 6167.7 -4.1 182 0 14.9 18.9 10.0 2.5 2 1 4 2 2
4324.2 7224.2 -5.3 2 0 8.0 16.7 5.0 2.5 2 1 2 3 3
3978.1 8030.2 -6.0 332 0 7.5 15.6 7.5 0.0 0 1 3 5 5
4260.2 7677.6 -5.8 151 0 17.5 29.2 7.5 2.5 2 1 3 5 5
5879.2 9788.5 -9.9 273 0 26.0 54.9 10.0 2.5 2 1 4 3 3
5110.3 10262.1 -10.1 100 0 7.9 16.4 7.5 2.5 2 1 3 4 4
3877.4 10011.0 -8.7 183 0 10.6 10.1 2.5 2.5 2 0 1 3 3
3937.6 10035.3 -8.8 91 0 22.8 13.4 7.5 2.5 2 0 3 3 3
4938.7 7758.3 -6.4 330 0 12.6 20.4 7.5 2.5 2 1 3 4 4
4117.7 10270.9 -9.3 29 0 11.7 17.6 7.5 2.5 2 1 3 0 0
4356.2 10519.3 -9.9 271 0 11.2 19.4 10.0 2.5 4 1 4 1 1
5208.3 9462.4 -8.9 224 0 11.1 35.2 10.0 2.5 2 1 4 2 2
5753.7 9865.8 -9.9 272 0 26.7 58.6 7.5 2.5 2 1 3 5 5
5956.4 9631.4 -9.8 271 0 18.7 71.3 7.5 2.5 2 1 3 0 0
4104.7 10119.8 -9.1 358 0 12.1 24.2 15.0 0.0 0 1 6 3 3
4580.8 6445.4 -4.6 266 0 13.9 15.7 2.5 2.5 2 1 1 3 3
4019.3 7961.1 -6.0 332 0 11.3 15.6 10.0 2.5 2 1 4 5 5
5474.6 9970.9 -9.9 1 0 33.9 15.6 7.5 2.5 2 0 3 4 4
5201.3 7436.6 -6.2 1 0 10.3 16.2 10.0 2.5 2 1 4 2 2
5240.2 7973.8 -6.9 331 0 12.0 17.1 5.0 0.0 0 1 2 1 1
5512.9 6941.1 -6.5 91 0 30.8 18.1 10.0 0.0 0 0 4 4 4
5164.3 10907.3 -11.3 150 0 8.4 18.5 2.5 0.0 0 1 1 5 5
4721.8 6641.8 -4.9 0 0 31.0 15.4 7.5 0.0 0 0 3 4 4
4831.1 7812.3 -6.3 152 0 16.1 13.1 7.5 2.5 2 0 3 1 1
5969.8 9565.6 -9.7 181 0 5.2 6.0 7.5 2.5 2 1 3 1 1
4870.5 8951.2 -7.9 74 0 13.0 16.4 10.0 2.5 2 1 4 3 3
5374.7 8988.0 -8.3 181 0 25.9 24.7 10.0 2.5 2 0 4 4 4
5769.9 9737.3 -9.8 95 0 6.5 7.0 7.5 2.5 2 1 3 0 0
4121.3 10023.4 -8.9 360 0 12.8 27.6 7.5 2.5 2 1 3 0 0
4942.4 9078.5 -8.1 232 0 14.3 28.4 7.5 2.5 2 1 3 4 4
4487.1 10186.6 -9.5 282 0 16.1 13.9 5.0 2.5 2 0 2 1 1
5794.2 9794.3 -9.9 272 0 26.7 58.6 7.5 2.5 4 1 3 2 2
4751.8 10121.8 -9.6 7 0 25.0 14.2 10.0 2.5 2 0 4 1 1
5565.2 9742.9 -9.6 182 0 31.0 99.7 7.5 0.0 0 1 3 1 1
5884.7 7549.8 -7.0 92 0 19.1 27.5 15.0 0.0 0 1 6 2 2
5009.3 10704.5 -10.8 115 0 9.7 16.5 7.5 2.5 2 1 3 5 5
4480.2 10119.3 -9.4 17 0 11.7 12.5 5.0 2.5 2 1 2 1 1
4302.0 6367.3 -4.3 318 0 14.0 11.0 5.0 2.5 4 0 2 2 2
5180.7 7940.3 -6.8 151 0 12.2 18.4 5.0 2.5 2 1 2 4 4
5921.1 9798.3 -10.0 92 0 25.6 54.8 10.0 2.5 2 1 4 2 2
5751.1 9795.4 -9.8 272 0 26.6 58.5 10.0 2.5 2 1 4 0 0
5209.1 6163.1 -5.4 2 0 11.9 19.2 7.5 2.5 2 1 3 2 2
5409.1 10490.9 -10.7 1 0 10.4 21.3 5.0 2.5 2 1 2 1 1
4088.1 10526.7 -9.7 344 0 12.7 20.1 7.5 2.5 2 1 3 5 5
5155.1 10444.9 -10.4 184 0 6.4 17.8 7.5 2.5 2 1 3 4 4
5089.9 7098.9 -5.7 268 0 11.9 35.2 7.5 2.5 2 1 3 2 2
5897.8 7581.9 -7.0 92 0 14.6 16.0 5.0 0.0 0 1 2 1 1
5795.7 9864.1 -10.0 272 0 26.6 58.5 7.5 2.5 2 1 3 5 5
4810.2 7856.1 -6.4 150 0 16.4 13.2 7.5 2.5 2 0 3 2 2
4198.2 10333.4 -9.5 99 0 15.8 39.9 7.5 2.5 2 1 3 4 4
5381.9 6646.4 -6.2 180 0 9.1 11.1 7.5 2.5 2 1 3 4 4
4547.3 6989.1 -5.2 0 0 21.4 13.8 7.5 2.5 2 0 3 0 0
3841.8 7884.7 -5.7 182 0 16.4 13.0 5.0 2.5 4 0 2 4 4
4026.4 7602.8 -5.5 62 0 14.8 18.2 7.5 2.5 2 1 3 5 5
5046.8 10610.9 -10.7 92 0 10.0 16.1 7.5 2.5 2 1 3 1 1
5992.5 9630.7 -9.8 271 0 19.6 72.2 7.5 2.5 2 1 3 4 4
4000.4 10516.0 -9.6 273 0 11.9 22.2 7.5 2.5 2 1 3 4 4
6389.0 9336.5 -10.0 92 0 71.2 25.9 7.5 0.0 0 0 3 1 1
5223.4 10507.0 -10.6 272 0 9.0 27.0 2.5 2.5 2 1 1 1 1
4334.5 8186.3 -6.5 1 0 18.2 14.6 10.0 2.5 4 0 4 5 5
5462.6 9584.7 -9.3 3 0 15.0 13.5 5.0 0.0 0 0 2 4 4
4339.9 7673.6 -5.8 243 0 20.8 14.4 12.5 2.5 2 0 5 5 5
5529.9 6359.2 -6.3 182 0 9.6 15.1 5.0 2.5 2 1 2 4 4
4719.5 6979.4 -5.3 269 0 13.5 33.9 7.5 2.5 2 1 3 2 2
5909.1 7548.2 -7.0 92 0 20.1 28.4 12.5 2.5 2 1 5 4 4
5415.9 10471.1 -10.7 182 0 24.0 18.1 7.5 2.5 2 0 3 0 0
5325.7 6230.8 -5.9 181 0 22.2 14.6 7.5 2.5 2 0 3 0 0
5090.6 8114.6 -6.9 152 0 13.8 16.9 5.0 2.5 2 1 2 0 0
5018.6 10613.6 -10.7 92 0 9.9 15.9 7.5 2.5 2 1 3 0 0
5459.6 9464.7 -9.1 3 0 14.7 13.3 5.0 2.5 2 0 2 5 5
4679.5 7701.8 -6.1 152 0 12.6 16.9 2.5 2.5 2 1 1 4 4
4519.9 7009.4 -5.2 274 0 17.5 5.9 5.0 0.0 0 0 2 2 2
4266.6 6287.0 -4.2 180 0 40.7 14.1 7.5 2.5 4 0 3 5 5
4962.5 7713.8 -6.3 333 0 13.3 16.4 7.5 2.5 2 1 3 1 1
4270.8 7263.9 -5.3 182 0 9.0 22.8 7.5 2.5 2 1 3 4 4
5772.5 9795.1 -9.8 275 0 6.7 7.2 5.0 0.0 0 1 2 3 3
5671.6 11238.3 -12.3 342 0 93.1 19.7 2.5 0.0 0 0 1 4 4
5699.0 12116.4 -13.8 2 0 12.4 91.5 10.0 2.5 2 1 4 5 5
6260.5 11746.7 -13.6 2 0 12.5 38.5 7.5 2.5 2 1 3 0 0
5499.1 10980.7 -11.7 90 0 22.9 17.7 10.0 2.5 4 0 4 3 3
5699.0 12093.4 -13.7 2 0 13.3 92.4 7.5 2.5 2 1 3 5 5
5698.7 12069.5 -13.7 2 0 13.7 92.8 10.0 2.5 2 1 4 4 4
5801.7 11990.8 -13.6 273 0 6.4 53.7 7.5 2.5 2 1 3 2 2
5909.0 11923.1 -13.6 272 0 26.3 12.5 7.5 2.5 2 0 3 5 5
5695.7 11977.8 -13.5 2 0 12.6 91.8 10.0 2.5 2 1 4 2 2
5696.7 12000.7 -13.6 2 0 13.9 92.9 10.0 2.5 2 1 4 3 3
5663.7 11936.6 -13.4 92 0 43.3 24.1 10.0 0.0 0 0 4 1 1
5698.2 12047.8 -13.6 2 0 13.3 92.4 7.5 2.5 2 1 3 5 5
5696.5 12024.3 -13.6 2 0 13.1 92.2 7.5 2.5 2 1 3 3 3
5600.4 11772.7 -13.1 272 0 37.2 30.5 2.5 0.0 0 0 1 2 2
5757.4 12070.9 -13.7 91 0 36.1 14.3 10.0 2.5 2 0 4 3 3
5390.7 10984.0 -11.6 91 0 22.0 18.8 10.0 2.5 2 0 4 0 0
5820.4 12007.3 -13.7 272 0 16.7 64.8 12.5 0.0 0 1 5 5 5
5757.4 12092.4 -13.8 3 0 10.7 20.3 7.5 2.5 2 0 3 0 0
5686.5 11914.8 -13.4 319 0 27.6 67.2 10.0 0.0 0 1 4 1 1
-5530.0 10565.8 -9.9 94 0 20.8 41.7 7.5 2.5 2 1 3 3 3
-5476.8 10528.1 -9.8 8 0 3.9 14.0 5.0 2.5 2 1 2 3 3
-5615.7 10555.3 -9.9 275 0 14.3 6.8 5.0 2.5 2 0 2 3 3
6468.4 9525.5 -10.4 1 0 19.0 62.7 12.5 2.5 2 1 5 3 3
6919.3 9157.3 -11.6 272 0 60.6 25.8 7.5 2.5 2 0 3 1 1
6919.2 9172.5 -11.6 93 0 62.8 18.2 7.5 2.5 2 0 3 2 2
6796.1 9011.7 -10.8 47 0 61.9 17.6 7.5 2.5 2 0 3 4 4
6743.1 9401.8 -11.1 273 0 48.9 17.9 10.0 2.5 4 0 4 1 1
6878.5 9488.6 -12.0 272 0 62.2 18.7 7.5 0.0 0 0 3 2 2
6041.4 10203.1 -10.7 318 0 34.9 20.3 10.0 0.0 0 0 4 5 5
5835.4 9790.1 -9.9 272 0 20.5 55.2 7.5 2.5 2 1 3 2 2
5836.2 9801.3 -9.9 93 0 20.1 40.4 7.5 2.5 2 1 3 5 5
5920.1 9787.1 -10.0 272 0 24.6 54.9 10.0 2.5 2 1 4 2 2
5961.4 9785.5 -10.0 271 0 26.3 54.7 10.0 2.5 2 1 4 3 3
6002.2 9784.1 -10.0 272 0 20.1 53.8 12.5 2.5 2 1 5 1 1
5655.4 9807.0 -9.8 273 0 21.2 40.8 7.5 0.0 0 1 3 2 2
5711.5 9790.6 -9.8 272 0 20.5 35.8 7.5 0.0 0 1 3 4 4
5911.3 10118.3 -10.5 136 0 32.3 6.7 5.0 0.0 0 0 2 4 4
6121.5 10284.5 -10.9 341 0 20.1 24.8 12.5 0.0 0 1 5 0 0
5808.7 10594.3 -11.2 271 0 73.1 14.9 10.0 2.5 2 0 4 2 2
5835.9 11095.4 -12.1 271 0 41.0 12.9 10.0 2.5 2 0 4 1 1
5407.2 11488.8 -12.4 181 0 111.2 63.9 12.5 0.0 0 0 5 3 3
5396.8 8432.8 -7.6 146 0 7.3 7.4 5.0 2.5 2 1 2 0 0
5566.7 9285.4 -8.9 352 0 23.4 9.7 5.0 2.5 4 0 2 2 2
5593.3 9533.2 -9.3 92 0 25.6 74.6 10.0 0.0 0 1 4 3 3
6205.0 11155.3 -12.5 81 0 17.2 37.1 7.5 2.5 2 1 3 1 1
2124.2 11753.6 -10.0 284 0 20.5 75.5 7.5 0.0 0 1 3 1 1
5168.0 11034.9 -11.5 285 0 59.6 23.7 10.0 2.5 2 0 4 0 0
2737.7 10728.6 -9.0 69 0 21.9 21.9 7.5 2.5 2 1 3 0 0
2767.1 10706.1 -9.0 340 0 11.7 21.0 5.0 2.5 4 1 2 2 2
2665.1 10643.5 -8.8 250 0 28.7 40.4 7.5 0.0 0 1 3 3 3
4040.2 10951.7 -10.4 91 0 79.3 108.2 5.0 0.0 0 0 2 4 4
4013.8 10870.9 -10.2 271 0 39.2 91.0 5.0 0.0 0 0 2 3 3
4072.9 10819.1 -10.2 91 0 36.0 50.7 5.0 0.0 0 1 2 1 1
4024.8 10945.0 -10.3 271 0 21.4 65.7 5.0 2.5 2 0 2 1 1
4101.8 10930.9 -10.4 181 0 80.1 75.7 2.5 0.0 0 0 1 2 2
5185.5 8776.0 -7.9 182 0 23.5 34.1 7.5 0.0 0 1 3 4 4
1022.3 7683.1 -3.4 2 0 36.9 13.8 7.5 2.5 2 0 3 5 5
4197.5 10909.0 -10.4 182 0 60.7 40.3 7.5 0.0 0 0 3 2 2
4935.5 11480.6 -12.0 168 0 18.4 8.5 7.5 2.5 99 0 3 1 1
5210.6 11735.9 -12.7 175 0 18.6 23.1 7.5 2.5 2 1 3 1 1
5426.6 11557.4 -12.6 92 0 98.6 20.5 12.5 0.0 0 0 5 3 3
5377.8 11599.6 -12.6 182 0 19.2 98.1 10.0 0.0 0 1 4 4 4
5427.7 11621.9 -12.7 92 0 89.6 24.8 7.5 0.0 0 0 3 3 3
5480.7 11498.7 -12.5 272 0 18.9 24.7 7.5 2.5 2 0 3 3 3
6267.2 12048.0 -14.2 93 0 99.5 16.0 7.5 2.5 2 0 3 2 2
-218.3 237.0 -0.7 1 0 25.1 17.1 10.0 2.5 2 0 4 3 3
-668.5 -30.7 -0.4 1 0 20.4 28.8 7.5 2.5 2 1 3 0 0
-2332.0 247.9 -0.2 1 0 24.9 61.0 7.5 2.5 2 1 3 0 0
-2470.3 -103.7 -0.5 1 0 28.4 20.2 10.0 0.0 0 0 4 3 3
555.5 12416.2 -10.8 3 0 34.7 24.1 7.5 0.0 0 0 3 4 4
553.6 12355.3 -10.7 2 0 34.4 24.6 7.5 0.0 0 0 3 3 3
415.8 12373.5 -10.7 272 0 40.8 27.5 7.5 0.0 0 0 3 1 1
324.9 12360.3 -10.7 2 0 24.1 45.7 7.5 0.0 0 1 3 1 1
196.5 12222.4 -10.4 182 0 40.8 81.2 10.0 0.0 0 1 4 4 4
192.5 12133.2 -10.3 182 0 41.6 82.7 10.0 0.0 0 1 4 2 2
118.0 12417.5 -10.9 182 0 36.8 37.3 10.0 0.0 0 1 4 0 0
4578.8 7896.1 -6.3 151 0 16.0 17.0 12.5 2.5 2 1 5 0 0
4778.7 7895.1 -6.4 150 0 17.3 15.0 7.5 2.5 2 0 3 2 2
4894.9 7696.8 -6.2 151 0 17.3 16.9 12.5 2.5 2 0 5 3 3
5025.0 7967.3 -6.7 330 0 13.0 16.0 5.0 2.5 2 1 2 4 4
4316.6 7593.9 -5.7 106 0 18.4 18.1 7.5 2.5 2 0 3 5 5
4983.4 8058.2 -6.8 331 0 13.3 22.9 7.5 2.5 2 1 3 5 5
4728.1 7602.7 -6.0 42 0 13.9 16.5 7.5 2.5 2 1 3 3 3
4761.8 7939.6 -6.5 151 0 13.6 16.5 2.5 2.5 4 1 1 2 2
4819.0 8000.8 -6.6 330 0 20.9 12.6 10.0 2.5 2 0 4 4 4
4966.6 8112.6 -6.8 330 0 16.8 23.5 7.5 2.5 2 1 3 0 0
4720.2 7645.9 -6.1 132 0 13.3 17.0 2.5 2.5 2 1 1 0 0
4991.5 7865.7 -6.5 152 0 17.9 11.7 5.0 2.5 2 0 2 3 3
5038.8 7810.4 -6.5 151 0 9.5 20.3 5.0 2.5 2 1 2 1 1
4922.6 8024.6 -6.7 151 0 16.9 19.6 10.0 2.5 2 1 4 2 2
4945.2 7978.0 -6.6 152 0 14.7 25.2 12.5 2.5 2 1 5 5 5
4990.4 7895.6 -6.6 152 0 12.4 20.5 7.5 0.0 0 1 3 2 2
5113.6 8072.1 -6.9 153 0 13.6 16.7 2.5 2.5 4 1 1 3 3
5214.4 7853.8 -6.7 152 0 18.1 15.3 7.5 2.5 2 0 3 2 2
5192.0 8057.8 -6.9 331 0 11.8 18.5 7.5 2.5 2 1 3 0 0
5143.4 8210.3 -7.1 332 0 13.3 30.5 7.5 0.0 0 1 3 3 3
4864.4 8377.4 -7.1 307 0 17.7 12.9 7.5 2.5 4 0 3 0 0
4448.9 8382.6 -6.8 227 0 13.2 17.9 12.5 2.5 2 1 5 4 4
4507.2 8330.9 -6.8 1 0 14.3 15.5 5.0 0.0 0 1 2 4 4
4305.1 8367.8 -6.7 243 0 24.2 15.4 7.5 0.0 0 0 3 1 1
4338.5 8240.3 -6.5 1 0 9.2 17.4 7.5 2.5 2 1 3 2 2
4097.6 8087.9 -6.2 182 0 16.7 13.9 2.5 2.5 2 0 1 4 4
4274.9 8114.8 -6.3 152 0 20.1 14.2 10.0 2.5 2 0 4 2 2
4177.8 7922.3 -6.0 151 0 12.1 20.2 10.0 2.5 2 1 4 0 0
4258.7 8187.4 -6.4 180 0 15.0 16.3 10.0 2.5 2 1 4 3 3
4092.0 8145.4 -6.2 181 0 12.1 14.4 7.5 2.5 2 1 3 4 4
4083.9 7807.8 -5.8 241 0 17.0 16.7 10.0 0.0 0 0 4 3 3
4180.2 7844.5 -5.9 292 0 13.2 17.4 2.5 2.5 2 1 1 4 4
3987.3 7894.0 -5.9 63 0 16.5 16.8 10.0 2.5 2 1 4 2 2
3998.4 7734.7 -5.7 153 0 13.7 15.0 7.5 2.5 2 1 3 4 4
492.1 11508.2 -9.1 2 0 27.4 17.3 12.5 2.5 2 0 5 5 5
392.0 9866.3 -6.4 271 0 20.9 41.2 10.0 0.0 0 1 4 4 4
341.8 765.3 -0.8 227 0 15.0 103.5 10.0 2.5 2 1 4 0 0
2766.2 10639.5 -8.9 159 0 22.9 31.9 7.5 0.0 0 1 3 1 1
2780.4 10942.4 -9.4 246 0 24.8 28.1 7.5 0.0 0 1 3 0 0
2838.1 10966.6 -9.4 245 0 36.0 25.7 10.0 0.0 0 0 4 3 3
2868.8 10676.1 -9.1 159 0 19.9 34.0 7.5 0.0 0 1 3 2 2
3096.9 10765.2 -9.3 339 0 28.1 21.4 10.0 2.5 2 0 4 2 2
1868.2 11697.8 -9.8 152 0 32.7 17.3 12.5 0.0 0 0 5 4 4
1924.9 11741.9 -9.9 242 0 24.2 17.2 7.5 0.0 0 0 3 2 2
1903.1 11762.2 -9.9 63 0 23.0 17.0 7.5 0.0 0 0 3 1 1
-2044.0 10159.5 -7.1 182 0 29.5 18.9 10.0 0.0 0 0 4 1 1
-2324.8 10816.3 -8.3 273 0 21.7 12.6 12.5 2.5 2 0 5 4 4
