2359.8 -6557.7 -4.6 62 0 8.3 8.2 7.5 2.5 2 0 3 1 1
2041.1 -6924.1 -4.1 360 0 9.1 12.1 7.5 2.5 2 1 3 3 3
2020.7 -6904.7 -4.0 269 0 15.6 19.6 10.0 2.5 2 1 4 4 4
1991.7 -6914.8 -4.0 268 0 8.9 8.1 7.5 0.0 0 0 3 5 5
1946.9 -6934.4 -4.0 90 0 9.2 16.7 2.5 0.0 0 1 1 3 3
2166.1 -6657.1 -4.0 270 0 14.1 20.1 10.0 2.5 2 1 4 2 2
2207.1 -6534.0 -4.4 89 0 6.9 21.5 5.0 2.5 4 1 2 1 1
2176.3 -6525.1 -4.4 89 0 47.4 6.8 7.5 2.5 2 0 3 4 4
1808.2 -6994.1 -4.2 91 0 13.3 9.0 5.0 2.5 2 0 2 3 3
1787.3 -6929.9 -4.5 269 0 13.1 8.9 7.5 2.5 4 0 3 5 5
1750.9 -6930.6 -4.8 187 0 10.0 23.8 7.5 0.0 0 1 3 3 3
1674.1 -6931.5 -4.5 3 0 11.1 17.6 10.0 2.5 4 1 4 0 0
1678.3 -6842.8 -3.9 0 0 10.5 19.5 7.5 2.5 2 1 3 3 3
1618.1 -6801.6 -3.9 186 0 12.9 22.7 12.5 0.0 0 1 5 2 2
1619.1 -6938.6 -4.3 89 0 14.7 16.6 7.5 2.5 2 1 3 3 3
1407.0 -6795.3 -3.8 180 0 17.9 9.2 2.5 0.0 0 0 1 2 2
1405.6 -6766.2 -3.7 180 0 7.9 10.7 5.0 2.5 2 1 2 2 2
1405.4 -6750.6 -3.7 180 0 18.0 10.2 5.0 2.5 2 0 2 5 5
1405.7 -6695.3 -3.7 190 0 17.2 12.7 2.5 2.5 2 0 1 0 0
1405.2 -6670.4 -3.7 180 0 18.2 9.0 5.0 0.0 0 0 2 1 1
1403.9 -6642.6 -3.6 180 0 8.3 11.0 2.5 2.5 2 1 1 2 2
1402.4 -6550.2 -3.6 180 0 18.4 10.3 5.0 2.5 4 0 2 3 3
1403.0 -6444.1 -3.5 180 0 18.0 8.7 5.0 2.5 2 0 2 5 5
1441.6 -6945.3 -4.3 181 0 9.3 12.3 7.5 2.5 2 1 3 3 3
1487.0 -6933.9 -4.4 5 0 8.3 8.0 7.5 2.5 2 0 3 2 2
1374.0 -6735.0 -3.7 359 0 16.3 8.9 2.5 2.5 2 0 1 5 5
1373.3 -6662.0 -3.7 1 0 17.7 8.7 5.0 2.5 2 0 2 3 3
1373.3 -6588.6 -3.6 360 0 18.0 9.0 5.0 2.5 2 0 2 4 4
1374.2 -6544.6 -3.6 0 0 11.2 14.0 5.0 2.5 2 1 2 0 0
1370.9 -6515.3 -3.5 359 0 15.3 9.2 5.0 2.5 2 0 2 3 3
1333.0 -6808.4 -3.8 180 0 8.6 15.1 5.0 2.5 2 1 2 0 0
1331.7 -6731.3 -3.7 179 0 8.7 10.5 7.5 2.5 4 1 3 2 2
1330.4 -6661.3 -3.6 179 0 15.9 8.6 5.0 0.0 0 0 2 2 2
1330.8 -6638.0 -3.6 180 0 13.8 9.2 5.0 0.0 0 0 2 2 2
1330.2 -6584.5 -3.6 180 0 8.2 14.2 5.0 2.5 4 1 2 0 0
1330.0 -6559.7 -3.6 179 0 9.8 14.1 5.0 0.0 0 1 2 3 3
1328.5 -6463.6 -3.5 179 0 8.3 13.9 7.5 2.5 2 1 3 4 4
1302.9 -6801.3 -3.7 359 0 9.7 18.4 2.5 2.5 2 1 1 0 0
1302.4 -6779.3 -3.7 360 0 14.5 9.7 2.5 2.5 2 0 1 5 5
1303.3 -6757.5 -3.7 0 0 7.7 12.3 5.0 2.5 4 1 2 4 4
1301.6 -6701.2 -3.7 359 0 15.0 10.6 2.5 2.5 2 0 1 3 3
1301.6 -6681.5 -3.6 360 0 17.6 13.7 5.0 2.5 2 0 2 3 3
1299.8 -6631.8 -3.6 360 0 18.3 10.1 5.0 2.5 2 0 2 0 0
1298.3 -6536.7 -3.5 0 0 11.4 8.8 2.5 0.0 0 0 1 1 1
1299.7 -6490.4 -3.5 0 0 14.1 10.2 5.0 0.0 0 0 2 4 4
1326.1 -6930.5 -3.9 269 0 14.5 15.5 2.5 2.5 2 1 1 2 2
1289.2 -6978.8 -3.9 177 0 7.5 11.2 2.5 2.5 2 1 1 4 4
1211.7 -6937.2 -3.9 269 0 8.2 30.4 7.5 2.5 2 1 3 3 3
193.5 1398.3 -0.1 0 0 13.5 10.4 5.0 2.5 4 0 2 5 5
59.5 1506.6 -0.2 270 0 10.9 16.5 2.5 2.5 2 1 1 3 3
83.9 1435.9 -0.1 270 0 13.4 10.5 5.0 2.5 2 0 2 0 0
59.1 1392.0 -0.1 90 0 10.9 13.5 2.5 2.5 2 1 1 1 1
110.4 1461.9 -0.2 90 0 13.4 11.0 5.0 2.5 4 0 2 2 2
193.8 1499.4 -0.2 0 0 13.5 10.4 5.0 2.5 4 0 2 4 4
110.3 1435.9 -0.2 270 0 13.4 10.5 5.0 2.5 2 0 2 1 1
14.7 1416.7 -0.1 90 0 9.5 18.0 5.0 2.5 2 1 2 2 2
163.2 1248.1 -0.1 90 0 15.9 11.5 5.0 0.0 0 0 2 3 3
109.8 1292.8 -0.1 270 0 13.4 10.5 5.0 2.5 2 0 2 5 5
136.5 1292.7 -0.1 270 0 12.9 10.5 2.5 2.5 2 0 1 3 3
110.5 1506.4 -0.2 270 0 13.4 11.0 2.5 2.5 2 0 1 0 0
59.0 1366.0 -0.1 270 0 10.9 14.0 2.5 0.0 0 1 1 0 0
59.4 1462.0 -0.2 90 0 11.0 16.0 5.0 2.5 2 1 2 5 5
83.7 1365.9 -0.1 270 0 13.4 10.5 5.0 2.5 4 0 2 4 4
31.6 1279.7 -0.1 0 0 9.2 25.1 5.0 2.5 2 1 2 1 1
163.4 1318.1 -0.1 90 0 12.9 10.5 2.5 2.5 2 0 1 5 5
163.6 1365.6 -0.1 270 0 12.9 10.5 5.0 2.5 2 0 2 1 1
19.7 1493.8 -0.2 0 0 17.0 9.5 5.0 2.5 2 0 2 2 2
163.9 1461.7 -0.2 90 0 12.9 11.0 5.0 2.5 2 0 2 4 4
109.9 1248.2 -0.1 90 0 15.9 11.5 2.5 2.5 2 0 1 0 0
133.8 1472.8 -0.2 90 0 10.5 9.5 5.0 2.5 2 0 2 4 4
28.2 1310.6 -0.1 0 0 9.4 24.6 2.5 0.0 0 1 1 3 3
58.7 1248.4 -0.1 90 0 11.0 14.0 5.0 2.5 4 1 2 0 0
109.9 1318.3 -0.1 90 0 13.4 10.5 2.5 2.5 2 0 1 1 1
139.3 1575.9 -0.2 270 0 9.0 5.0 5.0 2.5 2 0 2 0 0
110.4 1391.8 -0.1 90 0 15.9 12.0 5.0 2.5 2 0 2 3 3
15.1 1534.8 -0.2 270 0 9.5 15.5 5.0 0.0 0 1 2 0 0
84.2 1532.5 -0.2 90 0 13.4 10.5 2.5 2.5 4 0 1 5 5
164.0 1506.2 -0.2 270 0 12.9 11.0 5.0 2.5 2 0 2 1 1
84.1 1506.5 -0.2 270 0 13.4 11.0 5.0 2.5 2 0 2 3 3
26.9 1058.1 -0.1 180 0 37.7 27.8 10.0 0.0 0 0 4 5 5
220.3 1272.3 -0.1 180 0 12.3 15.1 7.5 2.5 2 1 3 2 2
11.7 -2457.1 -0.5 271 0 30.9 32.2 10.0 0.0 0 1 4 4 4
-1030.6 -3468.4 -1.0 269 0 12.5 18.9 10.0 0.0 0 1 4 5 5
-1108.8 -3481.4 -1.0 178 0 10.4 17.1 5.0 2.5 2 1 2 2 2
14.0 -4312.1 -1.7 143 0 9.9 14.9 2.5 2.5 2 1 1 3 3
77.9 -4316.7 -1.7 302 0 15.6 16.4 2.5 2.5 2 1 1 3 3
-1490.9 -3554.7 -0.4 330 0 22.1 39.3 7.5 0.0 0 1 3 3 3
-1507.6 -3515.7 -0.5 330 0 31.1 31.6 7.5 0.0 0 0 3 1 1
-1519.8 -3494.7 -0.5 330 0 17.7 34.3 7.5 0.0 0 0 3 3 3
-1537.2 -3464.5 -0.5 330 0 52.1 32.6 7.5 0.0 0 0 3 4 4
