947.1 -10594.8 -9.1 106 0 23.8 35.7 5.0 0.0 0 1 2 3 3
940.6 -10524.2 -9.1 287 0 8.2 6.3 5.0 0.0 0 0 2 3 3
1255.8 -9704.8 -8.7 138 0 7.2 33.5 7.5 2.5 2 1 3 3 3
2316.7 -9253.2 -6.5 180 0 5.5 29.5 5.0 2.5 2 1 2 5 5
2281.3 -9246.4 -6.1 64 0 57.3 6.6 7.5 2.5 2 0 3 0 0
2270.7 -9257.7 -6.3 242 0 28.2 25.2 12.5 0.0 0 0 5 5 5
2641.4 -9011.1 -6.1 155 0 14.0 13.8 2.5 0.0 0 0 1 5 5
4192.4 -8758.0 -7.7 90 0 6.9 8.7 2.5 2.5 2 1 1 5 5
2372.4 -9108.3 -5.5 180 0 30.3 12.8 10.0 2.5 2 0 4 0 0
3263.4 -9399.1 -8.6 91 0 54.7 46.6 7.5 0.0 0 0 3 0 0
3328.5 -9399.2 -8.7 90 0 55.3 45.5 7.5 0.0 0 0 3 3 3
3433.5 -9371.7 -8.7 0 0 54.5 45.3 10.0 0.0 0 0 4 5 5
3428.6 -9295.4 -8.6 1 0 41.5 33.3 10.0 0.0 0 0 4 2 2
3433.9 -9454.1 -8.8 359 0 69.5 48.4 7.5 0.0 0 0 3 0 0
3315.7 -9254.7 -8.4 271 0 94.6 77.0 7.5 0.0 0 0 3 1 1
3237.4 -9245.6 -8.4 269 0 45.3 35.3 10.0 0.0 0 0 4 1 1
3161.5 -9371.5 -8.5 180 0 55.3 47.1 12.5 0.0 0 0 5 1 1
3157.5 -9455.2 -8.7 180 0 70.9 49.7 7.5 0.0 0 0 3 4 4
3190.2 -9260.9 -8.4 270 0 35.8 68.0 7.5 0.0 0 1 3 3 3
1245.2 -9665.0 -8.9 230 0 28.2 18.5 10.0 2.5 2 0 4 1 1
2415.6 -9629.4 -8.5 90 0 9.4 23.5 7.5 2.5 2 1 3 3 3
2395.5 -9563.3 -8.4 181 0 14.0 9.4 7.5 2.5 2 0 3 1 1
2415.5 -9554.4 -8.4 272 0 9.5 11.8 7.5 2.5 2 1 3 2 2
2568.2 -9551.6 -8.5 268 0 13.0 8.6 7.5 2.5 2 0 3 3 3
2537.0 -9554.5 -8.5 270 0 8.9 19.6 7.5 2.5 2 1 3 1 1
2505.1 -9558.6 -8.5 269 0 8.6 16.1 7.5 2.5 2 1 3 0 0
2461.3 -9553.9 -8.4 270 0 8.1 15.7 5.0 2.5 2 1 2 3 3
688.0 -4612.9 -2.1 117 0 13.5 18.2 2.5 2.5 2 1 1 4 4
-3974.5 -4568.8 -3.3 359 0 26.7 45.1 10.0 0.0 0 1 4 0 0
2638.3 -9079.3 -6.2 245 0 23.0 11.2 10.0 0.0 0 0 4 0 0
